         1	+0.0000000	+7.3876953	+1.9042969
         2	-0.0048828	+7.3925781	+1.8994141
         3	-0.0097656	+7.3974609	+1.8994141
         4	-0.0048828	+7.3925781	+1.9091797
         5	-0.0048828	+7.3974609	+1.9091797
         6	-0.0048828	+7.3925781	+1.9042969
         7	-0.0048828	+7.3876953	+1.9042969
         8	-0.0048828	+7.3828125	+1.9091797
         9	+0.0000000	+7.3876953	+1.9042969
        10	+0.0000000	+7.3876953	+1.9042969
        11	+0.0000000	+7.3876953	+1.9042969
        12	-0.0048828	+7.3828125	+1.9091797
        13	-0.0048828	+7.3925781	+1.9042969
        14	-0.0048828	+7.3876953	+1.8994141
        15	-0.0048828	+7.3876953	+1.9042969
        16	-0.0048828	+7.3876953	+1.9091797
        17	-0.0048828	+7.3925781	+1.9042969
        18	-0.0048828	+7.3876953	+1.9091797
        19	+0.0000000	+7.3925781	+1.9091797
        20	-0.0048828	+7.3974609	+1.9091797
        21	-0.0048828	+7.3876953	+1.9042969
        22	-0.0048828	+7.3828125	+1.9042969
        23	-0.0048828	+7.3876953	+1.8994141
        24	+0.0000000	+7.3876953	+1.9091797
        25	+0.0000000	+7.3876953	+1.9042969
        26	+0.0000000	+7.3925781	+1.9140625
        27	+0.0000000	+7.3925781	+1.8994141
        28	+0.0000000	+7.3925781	+1.8994141
        29	-0.0048828	+7.3925781	+1.9042969
        30	-0.0048828	+7.3925781	+1.9140625
        31	-0.0097656	+7.3974609	+1.9091797
        32	-0.0048828	+7.3876953	+1.8994141
        33	-0.0048828	+7.3876953	+1.9042969
        34	-0.0048828	+7.3876953	+1.9091797
        35	-0.0048828	+7.3925781	+1.9091797
        36	+0.0000000	+7.3876953	+1.8994141
        37	+0.0000000	+7.3876953	+1.9042969
        38	+0.0000000	+7.3828125	+1.9042969
        39	-0.0048828	+7.3828125	+1.9042969
        40	-0.0048828	+7.3876953	+1.8945313
        41	+0.0000000	+7.3828125	+1.9042969
        42	+0.0000000	+7.3876953	+1.8994141
        43	+0.0000000	+7.3876953	+1.9042969
        44	-0.0048828	+7.3925781	+1.8945313
        45	-0.0048828	+7.3974609	+1.9091797
        46	-0.0048828	+7.3925781	+1.9091797
        47	-0.0048828	+7.3925781	+1.9042969
        48	-0.0048828	+7.3876953	+1.8896484
        49	-0.0048828	+7.3925781	+1.9091797
        50	-0.0048828	+7.3925781	+1.8994141
        51	+0.0000000	+7.3876953	+1.8994141
        52	+0.0000000	+7.3876953	+1.8945313
        53	+0.0000000	+7.3876953	+1.9042969
        54	-0.0048828	+7.3876953	+1.9042969
        55	-0.0048828	+7.3925781	+1.9091797
        56	-0.0097656	+7.3974609	+1.8945313
        57	+0.0000000	+7.3925781	+1.9042969
        58	-0.0048828	+7.3974609	+1.9091797
        59	-0.0048828	+7.3925781	+1.9042969
        60	-0.0048828	+7.3925781	+1.8945313
        61	-0.0048828	+7.3925781	+1.9042969
        62	-0.0048828	+7.3925781	+1.9091797
        63	+0.0000000	+7.3828125	+1.9042969
        64	-0.0048828	+7.3828125	+1.8994141
        65	+0.0000000	+7.3779297	+1.8994141
        66	-0.0048828	+7.3779297	+1.9091797
        67	-0.0048828	+7.3779297	+1.9042969
        68	-0.0048828	+7.3828125	+1.8994141
        69	-0.0048828	+7.3876953	+1.8994141
        70	-0.0048828	+7.3925781	+1.9091797
        71	-0.0048828	+7.3925781	+1.9042969
        72	+0.0000000	+7.3876953	+1.8994141
        73	+0.0000000	+7.3974609	+1.8994141
        74	-0.0048828	+7.3925781	+1.9042969
        75	+0.0000000	+7.3925781	+1.9042969
        76	+0.0000000	+7.3925781	+1.8994141
        77	-0.0048828	+7.3925781	+1.9042969
        78	-0.0097656	+7.3974609	+1.9091797
        79	-0.0097656	+7.3974609	+1.9091797
        80	-0.0048828	+7.3876953	+1.9091797
        81	+0.0000000	+7.3925781	+1.8994141
        82	-0.0048828	+7.3876953	+1.9140625
        83	-0.0048828	+7.3876953	+1.9091797
        84	-0.0048828	+7.3828125	+1.8994141
        85	+0.0000000	+7.3828125	+1.8994141
        86	-0.0048828	+7.3828125	+1.9091797
        87	+0.0000000	+7.3828125	+1.9042969
        88	-0.0048828	+7.3876953	+1.8994141
        89	+0.0000000	+7.3828125	+1.9042969
        90	-0.0048828	+7.3876953	+1.9091797
        91	-0.0048828	+7.3876953	+1.9042969
        92	-0.0048828	+7.3925781	+1.8945313
        93	-0.0097656	+7.3974609	+1.9091797
        94	-0.0048828	+7.3925781	+1.9042969
        95	+0.0000000	+7.3925781	+1.9042969
        96	+0.0000000	+7.3925781	+1.8994141
        97	-0.0048828	+7.3974609	+1.9091797
        98	+0.0000000	+7.3974609	+1.8994141
        99	-0.0048828	+7.3925781	+1.9042969
       100	-0.0048828	+7.3925781	+1.8945313
       101	+0.0000000	+7.3974609	+1.9042969
       102	+0.0000000	+7.3974609	+1.8945313
       103	-0.0048828	+7.4023438	+1.9042969
       104	-0.0048828	+7.4121094	+1.8994141
       105	-0.0048828	+7.4365234	+1.9042969
       106	+0.0000000	+7.4902344	+1.8994141
       107	+0.0000000	+7.5585938	+1.8994141
       108	-0.0048828	+7.6416016	+1.8994141
       109	-0.0048828	+7.7343750	+1.8994141
       110	-0.0048828	+7.8320313	+1.8847656
       111	-0.0048828	+7.9833984	+1.8945313
       112	-0.0097656	+8.1591797	+1.8896484
       113	+0.0000000	+8.3105469	+1.8847656
       114	-0.0097656	+8.4716797	+1.8798828
       115	-0.0048828	+8.6376953	+1.8798828
       116	-0.0097656	+8.7548828	+1.8896484
       117	-0.0048828	+8.8134766	+1.8994141
       118	-0.0048828	+8.9257813	+1.9140625
       119	+0.0000000	+8.9697266	+1.9384766
       120	-0.0048828	+9.0869141	+1.9677734
       121	-0.0097656	+9.1699219	+1.9921875
       122	-0.0048828	+9.2333984	+2.0214844
       123	-0.0048828	+9.2285156	+2.0458984
       124	+0.0000000	+9.2724609	+2.0605469
       125	+0.0000000	+9.1748047	+2.0751953
       126	-0.0048828	+9.0625000	+2.0898438
       127	-0.0048828	+9.0917969	+2.0947266
       128	-0.0048828	+8.9990234	+2.1044922
       129	+0.0000000	+8.8818359	+2.0996094
       130	-0.0048828	+8.8085938	+2.1093750
       131	-0.0048828	+8.7255859	+2.0996094
       132	+0.0000000	+8.7011719	+2.0996094
       133	-0.0048828	+8.5791016	+2.0898438
       134	-0.0048828	+8.5009766	+2.0849609
       135	-0.0048828	+8.4326172	+2.0751953
       136	+0.0000000	+8.2519531	+2.0605469
       137	-0.0048828	+8.3300781	+2.0458984
       138	-0.0048828	+8.0810547	+2.0312500
       139	-0.0048828	+8.1152344	+2.0117188
       140	-0.0048828	+7.9345703	+1.9873047
       141	-0.0048828	+7.8466797	+1.9677734
       142	-0.0048828	+7.7441406	+1.9433594
       143	+0.0000000	+7.6708984	+1.9287109
       144	+0.0000000	+7.5439453	+1.9042969
       145	-0.0048828	+7.5634766	+1.8896484
       146	+0.0000000	+7.4609375	+1.8701172
       147	+0.0000000	+7.3437500	+1.8554688
       148	-0.0048828	+7.2607422	+1.8457031
       149	-0.0048828	+7.1728516	+1.8212891
       150	+0.0000000	+7.1093750	+1.8017578
       151	-0.0048828	+7.0361328	+1.7822266
       152	-0.0097656	+6.9482422	+1.7675781
       153	-0.0048828	+6.9140625	+1.7431641
       154	+0.0000000	+6.7773438	+1.7285156
       155	-0.0097656	+6.7138672	+1.7041016
       156	-0.0048828	+6.6601563	+1.6894531
       157	-0.0048828	+6.6357422	+1.6601563
       158	-0.0048828	+6.5380859	+1.6455078
       159	+0.0000000	+6.4746094	+1.6210938
       160	+0.0000000	+6.4013672	+1.5917969
       161	-0.0048828	+6.3378906	+1.5673828
       162	+0.0000000	+6.3720703	+1.5380859
       163	+0.0000000	+6.2451172	+1.5136719
       164	-0.0097656	+6.2304688	+1.4990234
       165	-0.0048828	+6.2060547	+1.4697266
       166	-0.0048828	+6.1816406	+1.4501953
       167	-0.0048828	+6.1328125	+1.4306641
       168	-0.0048828	+6.0791016	+1.4160156
       169	-0.0048828	+6.1083984	+1.3867188
       170	-0.0048828	+6.0986328	+1.3623047
       171	-0.0048828	+6.1132813	+1.3476563
       172	-0.0048828	+6.0351563	+1.3378906
       173	-0.0048828	+6.0107422	+1.3134766
       174	+0.0000000	+6.0693359	+1.2988281
       175	+0.0000000	+5.9863281	+1.2890625
       176	-0.0048828	+6.0205078	+1.2890625
       177	-0.0048828	+5.9814453	+1.2744141
       178	-0.0048828	+5.9570313	+1.2695313
       179	-0.0048828	+5.9765625	+1.2646484
       180	-0.0097656	+5.9570313	+1.2646484
       181	-0.0048828	+5.9472656	+1.2500000
       182	-0.0048828	+5.9277344	+1.2402344
       183	+0.0000000	+5.9277344	+1.2353516
       184	-0.0048828	+5.9228516	+1.2353516
       185	-0.0048828	+5.9570313	+1.2207031
       186	+0.0000000	+5.9375000	+1.2158203
       187	+0.0000000	+5.9228516	+1.2011719
       188	-0.0048828	+5.9228516	+1.1962891
       189	+0.0000000	+5.9326172	+1.1767578
       190	+0.0000000	+5.9619141	+1.1718750
       191	-0.0048828	+5.9912109	+1.1523438
       192	-0.0097656	+6.0009766	+1.1474609
       193	+0.0000000	+6.0302734	+1.1328125
       194	-0.0048828	+6.0400391	+1.1328125
       195	-0.0048828	+6.0546875	+1.1230469
       196	-0.0048828	+6.0693359	+1.1132813
       197	-0.0048828	+6.0986328	+1.1132813
       198	-0.0048828	+6.0888672	+1.1181641
       199	+0.0000000	+6.1376953	+1.1132813
       200	+0.0000000	+6.2304688	+1.1035156
       201	-0.0048828	+6.2304688	+1.1035156
       202	-0.0048828	+6.2597656	+1.1083984
       203	-0.0048828	+6.2304688	+1.0986328
       204	+0.0000000	+6.2841797	+1.0888672
       205	-0.0048828	+6.3281250	+1.0937500
       206	+0.0000000	+6.3623047	+1.0937500
       207	-0.0048828	+6.3085938	+1.0937500
       208	-0.0048828	+6.4111328	+1.0791016
       209	+0.0000000	+6.5332031	+1.0986328
       210	-0.0048828	+6.5087891	+1.1035156
       211	-0.0048828	+6.5771484	+1.1132813
       212	-0.0048828	+6.6845703	+1.1132813
       213	-0.0048828	+6.6699219	+1.1376953
       214	+0.0000000	+6.6259766	+1.1376953
       215	+0.0000000	+6.7626953	+1.1523438
       216	+0.0000000	+6.7089844	+1.1523438
       217	-0.0048828	+6.8408203	+1.1767578
       218	+0.0000000	+6.9091797	+1.1767578
       219	-0.0048828	+7.0703125	+1.1962891
       220	-0.0048828	+7.0947266	+1.2011719
       221	-0.0048828	+7.0898438	+1.2304688
       222	+0.0000000	+7.2851563	+1.2402344
       223	-0.0048828	+7.2460938	+1.2597656
       224	-0.0048828	+7.3876953	+1.2646484
       225	-0.0048828	+7.4316406	+1.2939453
       226	-0.0097656	+7.5000000	+1.3232422
       227	-0.0048828	+7.6464844	+1.3427734
       228	+0.0000000	+7.6806641	+1.3574219
       229	+0.0000000	+7.8906250	+1.3818359
       230	+0.0000000	+7.8222656	+1.4160156
       231	+0.0000000	+8.0468750	+1.4306641
       232	-0.0048828	+7.9541016	+1.4550781
       233	-0.0048828	+8.1347656	+1.4746094
       234	-0.0048828	+8.1689453	+1.4990234
       235	+0.0000000	+8.3056641	+1.5185547
       236	+0.0000000	+8.3251953	+1.5429688
       237	-0.0048828	+8.4179688	+1.5625000
       238	-0.0048828	+8.4472656	+1.5820313
       239	-0.0048828	+8.5644531	+1.6015625
       240	+0.0000000	+8.6181641	+1.6162109
       241	-0.0048828	+8.5791016	+1.6308594
       242	-0.0048828	+8.7744141	+1.6503906
       243	-0.0048828	+8.7255859	+1.6601563
       244	+0.0000000	+8.8720703	+1.6748047
       245	-0.0048828	+8.8281250	+1.6894531
       246	-0.0048828	+8.9599609	+1.6992188
       247	-0.0048828	+8.9892578	+1.7089844
       248	-0.0048828	+9.0527344	+1.7138672
       249	-0.0048828	+9.0332031	+1.7236328
       250	+0.0000000	+9.0771484	+1.7285156
       251	-0.0048828	+9.1064453	+1.7285156
       252	-0.0048828	+9.0820313	+1.7333984
       253	-0.0048828	+9.1650391	+1.7333984
       254	-0.0048828	+9.0722656	+1.7382813
       255	-0.0048828	+9.2089844	+1.7382813
       256	+0.0000000	+9.0771484	+1.7285156
       257	-0.0048828	+9.0869141	+1.7285156
       258	+0.0000000	+8.8916016	+1.7236328
       259	-0.0048828	+8.9599609	+1.7089844
       260	+0.0000000	+8.8916016	+1.6992188
       261	-0.0048828	+8.8867188	+1.6894531
       262	+0.0000000	+8.8183594	+1.6992188
       263	-0.0048828	+8.7744141	+1.7041016
       264	+0.0000000	+8.7548828	+1.7285156
       265	+0.0000000	+8.6621094	+1.7529297
       266	-0.0048828	+8.6767578	+1.7968750
       267	-0.0048828	+8.5888672	+1.8212891
       268	+0.0000000	+8.5693359	+1.8554688
       269	-0.0048828	+8.4716797	+1.8798828
       270	-0.0097656	+8.4472656	+1.9140625
       271	+0.0000000	+8.4033203	+1.9287109
       272	+0.0000000	+8.3300781	+1.9433594
       273	+0.0000000	+8.3496094	+1.9433594
       274	+0.0000000	+8.2373047	+1.9531250
       275	+0.0000000	+8.2080078	+1.9482422
       276	+0.0000000	+8.1298828	+1.9384766
       277	-0.0048828	+8.1005859	+1.9238281
       278	-0.0048828	+7.9931641	+1.9189453
       279	-0.0048828	+8.0175781	+1.9091797
       280	-0.0048828	+7.8320313	+1.8945313
       281	-0.0048828	+7.8808594	+1.8798828
       282	-0.0097656	+7.7148438	+1.8847656
       283	-0.0048828	+7.7734375	+1.8750000
       284	+0.0000000	+7.6367188	+1.8701172
       285	-0.0048828	+7.6269531	+1.8603516
       286	+0.0000000	+7.5634766	+1.8603516
       287	+0.0000000	+7.4218750	+1.8505859
       288	+0.0000000	+7.4658203	+1.8505859
       289	+0.0000000	+7.2949219	+1.8359375
       290	-0.0048828	+7.4072266	+1.8310547
       291	+0.0000000	+7.1875000	+1.8212891
       292	-0.0048828	+7.2265625	+1.8164063
       293	-0.0048828	+7.0214844	+1.8017578
       294	-0.0097656	+7.1435547	+1.7919922
       295	-0.0048828	+6.9189453	+1.7822266
       296	+0.0000000	+7.1142578	+1.7675781
       297	-0.0048828	+6.8261719	+1.7431641
       298	-0.0048828	+6.9824219	+1.7333984
       299	-0.0048828	+6.7919922	+1.7138672
       300	-0.0048828	+6.8164063	+1.6992188
       301	-0.0048828	+6.7578125	+1.6748047
       302	+0.0000000	+6.7285156	+1.6601563
       303	+0.0000000	+6.6699219	+1.6357422
       304	+0.0000000	+6.6552734	+1.6210938
       305	+0.0000000	+6.6015625	+1.5966797
       306	-0.0048828	+6.5429688	+1.5869141
       307	+0.0000000	+6.5869141	+1.5625000
       308	+0.0000000	+6.4648438	+1.5429688
       309	-0.0097656	+6.5332031	+1.5185547
       310	-0.0048828	+6.4306641	+1.5087891
       311	-0.0048828	+6.5185547	+1.4892578
       312	+0.0000000	+6.3916016	+1.4746094
       313	-0.0048828	+6.4746094	+1.4599609
       314	-0.0048828	+6.3330078	+1.4501953
       315	+0.0000000	+6.4453125	+1.4355469
       316	-0.0048828	+6.3037109	+1.4208984
       317	+0.0000000	+6.3916016	+1.4062500
       318	+0.0000000	+6.2890625	+1.3964844
       319	+0.0000000	+6.3720703	+1.3818359
       320	-0.0048828	+6.2841797	+1.3769531
       321	+0.0000000	+6.3623047	+1.3623047
       322	+0.0000000	+6.2792969	+1.3574219
       323	-0.0048828	+6.3623047	+1.3525391
       324	-0.0048828	+6.2695313	+1.3525391
       325	-0.0048828	+6.3378906	+1.3427734
       326	-0.0048828	+6.2792969	+1.3427734
       327	+0.0000000	+6.3378906	+1.3378906
       328	-0.0048828	+6.3134766	+1.3378906
       329	-0.0048828	+6.3671875	+1.3330078
       330	+0.0000000	+6.3427734	+1.3330078
       331	+0.0000000	+6.3818359	+1.3330078
       332	-0.0048828	+6.3671875	+1.3330078
       333	-0.0048828	+6.3720703	+1.3281250
       334	-0.0048828	+6.4111328	+1.3330078
       335	-0.0048828	+6.4453125	+1.3232422
       336	-0.0048828	+6.4306641	+1.3232422
       337	-0.0048828	+6.4599609	+1.3134766
       338	-0.0048828	+6.4746094	+1.3085938
       339	-0.0048828	+6.4990234	+1.2939453
       340	+0.0000000	+6.5234375	+1.2695313
       341	+0.0000000	+6.5576172	+1.2597656
       342	+0.0000000	+6.5820313	+1.2548828
       343	-0.0048828	+6.6259766	+1.2451172
       344	-0.0048828	+6.6210938	+1.2255859
       345	-0.0048828	+6.6552734	+1.2353516
       346	-0.0048828	+6.7285156	+1.2255859
       347	-0.0048828	+6.7041016	+1.2304688
       348	-0.0048828	+6.8066406	+1.2402344
       349	-0.0048828	+6.7968750	+1.2451172
       350	-0.0048828	+6.8505859	+1.2402344
       351	+0.0000000	+6.8457031	+1.2500000
       352	+0.0000000	+6.9580078	+1.2695313
       353	-0.0048828	+6.9726563	+1.2646484
       354	-0.0048828	+7.0312500	+1.2841797
       355	+0.0000000	+7.0458984	+1.2890625
       356	+0.0000000	+7.0556641	+1.2988281
       357	-0.0048828	+7.0947266	+1.3085938
       358	-0.0048828	+7.2070313	+1.3232422
       359	-0.0048828	+7.1826172	+1.3281250
       360	-0.0048828	+7.2753906	+1.3427734
       361	-0.0048828	+7.3388672	+1.3525391
       362	-0.0048828	+7.3437500	+1.3623047
       363	-0.0048828	+7.4267578	+1.3720703
       364	-0.0048828	+7.4951172	+1.3916016
       365	+0.0000000	+7.5341797	+1.3964844
       366	+0.0000000	+7.5488281	+1.4111328
       367	-0.0048828	+7.6269531	+1.4160156
       368	-0.0048828	+7.6953125	+1.4355469
       369	+0.0000000	+7.7685547	+1.4404297
       370	-0.0048828	+7.7734375	+1.4599609
       371	+0.0000000	+7.8320313	+1.4599609
       372	-0.0048828	+7.8515625	+1.4697266
       373	-0.0048828	+7.9833984	+1.4843750
       374	-0.0048828	+7.9589844	+1.5039063
       375	-0.0048828	+8.0859375	+1.5087891
       376	+0.0000000	+8.0566406	+1.5087891
       377	+0.0000000	+8.1640625	+1.5234375
       378	-0.0048828	+8.1542969	+1.5283203
       379	-0.0048828	+8.2080078	+1.5429688
       380	-0.0048828	+8.2470703	+1.5478516
       381	-0.0048828	+8.3105469	+1.5625000
       382	-0.0048828	+8.3251953	+1.5625000
       383	+0.0000000	+8.3105469	+1.5771484
       384	-0.0048828	+8.3740234	+1.5869141
       385	+0.0000000	+8.3789063	+1.5820313
       386	-0.0048828	+8.4765625	+1.6015625
       387	-0.0048828	+8.4423828	+1.6015625
       388	+0.0000000	+8.4814453	+1.6064453
       389	-0.0097656	+8.4716797	+1.6113281
       390	-0.0048828	+8.5205078	+1.6210938
       391	-0.0048828	+8.4814453	+1.6210938
       392	+0.0000000	+8.5449219	+1.6259766
       393	-0.0048828	+8.5253906	+1.6308594
       394	+0.0000000	+8.5595703	+1.6259766
       395	+0.0000000	+8.4375000	+1.6259766
       396	-0.0048828	+8.3691406	+1.6259766
       397	+0.0000000	+8.3447266	+1.6113281
       398	+0.0000000	+8.3886719	+1.6015625
       399	-0.0048828	+8.3056641	+1.5820313
       400	-0.0048828	+8.2763672	+1.5869141
       401	-0.0048828	+8.2568359	+1.5771484
       402	-0.0048828	+8.1787109	+1.5869141
       403	-0.0048828	+8.2519531	+1.5966797
       404	-0.0048828	+8.1738281	+1.6162109
       405	+0.0000000	+8.1787109	+1.6357422
       406	+0.0000000	+8.0566406	+1.6650391
       407	+0.0000000	+8.0761719	+1.6796875
       408	-0.0048828	+7.9785156	+1.6943359
       409	+0.0000000	+8.0371094	+1.7138672
       410	-0.0048828	+7.9638672	+1.7382813
       411	-0.0048828	+7.9589844	+1.7480469
       412	+0.0000000	+7.8955078	+1.7578125
       413	-0.0048828	+7.8613281	+1.7724609
       414	-0.0048828	+7.8808594	+1.7822266
       415	-0.0048828	+7.7880859	+1.7919922
       416	-0.0048828	+7.8222656	+1.7773438
       417	-0.0048828	+7.7148438	+1.7919922
       418	-0.0048828	+7.7685547	+1.7822266
       419	+0.0000000	+7.6171875	+1.7773438
       420	-0.0048828	+7.6611328	+1.7724609
       421	+0.0000000	+7.5634766	+1.7675781
       422	+0.0000000	+7.5585938	+1.7578125
       423	-0.0048828	+7.5488281	+1.7626953
       424	-0.0048828	+7.4804688	+1.7578125
       425	-0.0048828	+7.5146484	+1.7529297
       426	-0.0048828	+7.3632813	+1.7480469
       427	-0.0048828	+7.4267578	+1.7480469
       428	-0.0048828	+7.2851563	+1.7529297
       429	-0.0048828	+7.3437500	+1.7431641
       430	-0.0048828	+7.2167969	+1.7431641
       431	-0.0048828	+7.2558594	+1.7382813
       432	-0.0048828	+7.1533203	+1.7431641
       433	-0.0048828	+7.1533203	+1.7382813
       434	-0.0048828	+7.1191406	+1.7236328
       435	+0.0000000	+7.1142578	+1.7187500
       436	-0.0048828	+7.0751953	+1.7138672
       437	-0.0048828	+7.0068359	+1.7041016
       438	-0.0048828	+6.9921875	+1.6845703
       439	-0.0048828	+7.0166016	+1.6796875
       440	-0.0048828	+6.9433594	+1.6796875
       441	-0.0048828	+6.9335938	+1.6601563
       442	-0.0097656	+6.8994141	+1.6601563
       443	-0.0048828	+6.9189453	+1.6455078
       444	+0.0000000	+6.8164063	+1.6357422
       445	-0.0048828	+6.8798828	+1.6357422
       446	+0.0000000	+6.7724609	+1.6308594
       447	+0.0000000	+6.7919922	+1.6259766
       448	+0.0000000	+6.7578125	+1.6259766
       449	-0.0048828	+6.7822266	+1.6210938
       450	+0.0000000	+6.7724609	+1.6162109
       451	-0.0048828	+6.7626953	+1.6162109
       452	-0.0048828	+6.7675781	+1.6064453
       453	-0.0048828	+6.7138672	+1.6015625
       454	-0.0097656	+6.7431641	+1.6015625
       455	-0.0048828	+6.6796875	+1.5917969
       456	-0.0048828	+6.7089844	+1.5771484
       457	-0.0048828	+6.6796875	+1.5869141
       458	+0.0000000	+6.7041016	+1.5771484
       459	+0.0000000	+6.6650391	+1.5771484
       460	-0.0048828	+6.6748047	+1.5722656
       461	-0.0048828	+6.6552734	+1.5722656
       462	+0.0000000	+6.6845703	+1.5625000
       463	-0.0048828	+6.7187500	+1.5673828
       464	-0.0048828	+6.7431641	+1.5722656
       465	+0.0000000	+6.7138672	+1.5625000
       466	-0.0048828	+6.7480469	+1.5673828
       467	-0.0048828	+6.7626953	+1.5625000
       468	+0.0000000	+6.7822266	+1.5625000
       469	-0.0048828	+6.7871094	+1.5478516
       470	-0.0048828	+6.7919922	+1.5527344
       471	-0.0048828	+6.7919922	+1.5380859
       472	+0.0000000	+6.8066406	+1.5234375
       473	-0.0048828	+6.8261719	+1.5185547
       474	+0.0000000	+6.8652344	+1.5039063
       475	+0.0000000	+6.8945313	+1.4990234
       476	-0.0048828	+6.8896484	+1.4892578
       477	-0.0048828	+6.9384766	+1.4648438
       478	-0.0048828	+6.9238281	+1.4550781
       479	-0.0048828	+6.9677734	+1.4306641
       480	-0.0048828	+7.0312500	+1.4208984
       481	-0.0048828	+7.0166016	+1.3916016
       482	-0.0048828	+7.0214844	+1.3867188
       483	-0.0048828	+7.0507813	+1.3720703
       484	+0.0000000	+7.0751953	+1.3574219
       485	-0.0048828	+7.1044922	+1.3623047
       486	+0.0000000	+7.1533203	+1.3574219
       487	+0.0000000	+7.1435547	+1.3574219
       488	-0.0048828	+7.1582031	+1.3525391
       489	-0.0048828	+7.1582031	+1.3671875
       490	-0.0048828	+7.2167969	+1.3671875
       491	-0.0048828	+7.2900391	+1.3769531
       492	-0.0097656	+7.2851563	+1.3818359
       493	-0.0048828	+7.3242188	+1.3916016
       494	+0.0000000	+7.3095703	+1.3916016
       495	+0.0000000	+7.3681641	+1.3964844
       496	-0.0048828	+7.3779297	+1.4062500
       497	-0.0048828	+7.4365234	+1.4111328
       498	+0.0000000	+7.4658203	+1.4111328
       499	+0.0000000	+7.4902344	+1.4208984
       500	-0.0048828	+7.5097656	+1.4306641
       501	-0.0048828	+7.5292969	+1.4306641
       502	-0.0048828	+7.5585938	+1.4404297
       503	-0.0048828	+7.5683594	+1.4404297
       504	-0.0048828	+7.6513672	+1.4550781
       505	+0.0000000	+7.6367188	+1.4550781
       506	-0.0048828	+7.7343750	+1.4648438
       507	-0.0097656	+7.6904297	+1.4697266
       508	+0.0000000	+7.8027344	+1.4697266
       509	-0.0048828	+7.7246094	+1.4746094
       510	+0.0000000	+7.7978516	+1.4794922
       511	+0.0000000	+7.7929688	+1.4892578
       512	-0.0048828	+7.8466797	+1.4941406
       513	-0.0048828	+7.8466797	+1.4990234
       514	-0.0048828	+7.8417969	+1.4990234
       515	+0.0000000	+7.8857422	+1.5039063
       516	-0.0048828	+7.8564453	+1.5136719
       517	+0.0000000	+7.9492188	+1.5087891
       518	-0.0048828	+7.9003906	+1.5234375
       519	-0.0048828	+7.9980469	+1.5185547
       520	-0.0048828	+7.9638672	+1.5283203
       521	-0.0097656	+8.0078125	+1.5283203
       522	-0.0048828	+7.9785156	+1.5380859
       523	-0.0048828	+8.0664063	+1.5332031
       524	+0.0000000	+8.0224609	+1.5332031
       525	-0.0048828	+8.0371094	+1.5380859
       526	+0.0000000	+8.0175781	+1.5478516
       527	+0.0000000	+8.0322266	+1.5429688
       528	-0.0048828	+7.9443359	+1.5332031
       529	+0.0000000	+7.8710938	+1.5380859
       530	-0.0048828	+7.8515625	+1.5380859
       531	-0.0048828	+7.8613281	+1.5283203
       532	-0.0048828	+7.8564453	+1.5039063
       533	-0.0048828	+7.8710938	+1.5087891
       534	-0.0048828	+7.8662109	+1.4843750
       535	+0.0000000	+7.8076172	+1.4746094
       536	-0.0048828	+7.8027344	+1.4648438
       537	+0.0000000	+7.7783203	+1.4746094
       538	+0.0000000	+7.7636719	+1.4697266
       539	-0.0048828	+7.7001953	+1.4892578
       540	-0.0048828	+7.7050781	+1.5039063
       541	-0.0048828	+7.6708984	+1.5283203
       542	-0.0048828	+7.7001953	+1.5380859
       543	-0.0048828	+7.6806641	+1.5576172
       544	+0.0000000	+7.6708984	+1.5673828
       545	-0.0048828	+7.6074219	+1.5869141
       546	-0.0048828	+7.6708984	+1.5917969
       547	+0.0000000	+7.6269531	+1.6064453
       548	-0.0048828	+7.6220703	+1.6210938
       549	+0.0000000	+7.5732422	+1.6210938
       550	-0.0048828	+7.5488281	+1.6308594
       551	+0.0000000	+7.5292969	+1.6406250
       552	-0.0048828	+7.4951172	+1.6552734
       553	+0.0000000	+7.4609375	+1.6552734
       554	-0.0048828	+7.5000000	+1.6601563
       555	-0.0048828	+7.4658203	+1.6650391
       556	+0.0000000	+7.4414063	+1.6650391
       557	-0.0048828	+7.4121094	+1.6650391
       558	-0.0048828	+7.3779297	+1.6699219
       559	-0.0048828	+7.3974609	+1.6699219
       560	-0.0048828	+7.3388672	+1.6650391
       561	+0.0000000	+7.3681641	+1.6601563
       562	+0.0000000	+7.3095703	+1.6650391
       563	-0.0048828	+7.3095703	+1.6650391
       564	+0.0000000	+7.2753906	+1.6650391
       565	-0.0048828	+7.2802734	+1.6650391
       566	-0.0048828	+7.2460938	+1.6650391
       567	-0.0048828	+7.2412109	+1.6650391
       568	+0.0000000	+7.1972656	+1.6650391
       569	-0.0048828	+7.2167969	+1.6650391
       570	-0.0048828	+7.2167969	+1.6650391
       571	-0.0048828	+7.2119141	+1.6601563
       572	-0.0048828	+7.1777344	+1.6552734
       573	-0.0048828	+7.1582031	+1.6503906
       574	-0.0048828	+7.1289063	+1.6552734
       575	+0.0000000	+7.1093750	+1.6503906
       576	+0.0000000	+7.1142578	+1.6455078
       577	-0.0048828	+7.0947266	+1.6503906
       578	+0.0000000	+7.0654297	+1.6503906
       579	-0.0048828	+7.0703125	+1.6455078
       580	+0.0000000	+7.1044922	+1.6455078
       581	-0.0048828	+7.0751953	+1.6455078
       582	+0.0000000	+7.0654297	+1.6406250
       583	-0.0048828	+7.0410156	+1.6406250
       584	+0.0000000	+7.0556641	+1.6406250
       585	-0.0048828	+7.0361328	+1.6406250
       586	-0.0048828	+7.0507813	+1.6357422
       587	-0.0048828	+7.0263672	+1.6406250
       588	+0.0000000	+7.0068359	+1.6406250
       589	+0.0000000	+6.9824219	+1.6357422
       590	+0.0000000	+6.9775391	+1.6357422
       591	+0.0000000	+6.9775391	+1.6357422
       592	+0.0000000	+7.0019531	+1.6357422
       593	+0.0000000	+7.0410156	+1.6308594
       594	+0.0000000	+7.0703125	+1.6308594
       595	+0.0000000	+7.0751953	+1.6210938
       596	+0.0000000	+7.0849609	+1.6210938
       597	-0.0048828	+7.1044922	+1.6113281
       598	-0.0048828	+7.1191406	+1.6064453
       599	-0.0048828	+7.1435547	+1.5966797
       600	+0.0000000	+7.1240234	+1.5917969
       601	-0.0097656	+7.1142578	+1.5869141
       602	+0.0000000	+7.1386719	+1.5771484
       603	+0.0000000	+7.1679688	+1.5673828
       604	+0.0000000	+7.1777344	+1.5673828
       605	-0.0048828	+7.1777344	+1.5576172
       606	+0.0000000	+7.1826172	+1.5527344
       607	-0.0048828	+7.1923828	+1.5429688
       608	-0.0048828	+7.1875000	+1.5429688
       609	-0.0048828	+7.1826172	+1.5380859
       610	+0.0000000	+7.2021484	+1.5380859
       611	-0.0048828	+7.2119141	+1.5332031
       612	-0.0048828	+7.2607422	+1.5380859
       613	-0.0048828	+7.2753906	+1.5332031
       614	+0.0000000	+7.2802734	+1.5185547
       615	-0.0048828	+7.2900391	+1.5087891
       616	-0.0048828	+7.2998047	+1.4990234
       617	-0.0048828	+7.3144531	+1.4892578
       618	+0.0000000	+7.3291016	+1.4746094
       619	+0.0000000	+7.3388672	+1.4599609
       620	+0.0000000	+7.3583984	+1.4501953
       621	-0.0048828	+7.3437500	+1.4453125
       622	-0.0048828	+7.3828125	+1.4404297
       623	-0.0097656	+7.4121094	+1.4404297
       624	-0.0048828	+7.4218750	+1.4404297
       625	-0.0048828	+7.4414063	+1.4404297
       626	-0.0048828	+7.4658203	+1.4453125
       627	-0.0048828	+7.4707031	+1.4453125
       628	+0.0000000	+7.4902344	+1.4501953
       629	+0.0000000	+7.5097656	+1.4501953
       630	-0.0048828	+7.5390625	+1.4550781
       631	+0.0000000	+7.5000000	+1.4599609
       632	-0.0048828	+7.5244141	+1.4648438
       633	+0.0000000	+7.5292969	+1.4648438
       634	-0.0048828	+7.5341797	+1.4599609
       635	+0.0000000	+7.5390625	+1.4648438
       636	-0.0048828	+7.5488281	+1.4697266
       637	-0.0048828	+7.5781250	+1.4794922
       638	+0.0000000	+7.5781250	+1.4697266
       639	-0.0048828	+7.5732422	+1.4794922
       640	-0.0048828	+7.5439453	+1.4746094
       641	-0.0048828	+7.5732422	+1.4892578
       642	-0.0048828	+7.5927734	+1.4794922
       643	-0.0048828	+7.6074219	+1.4892578
       644	+0.0000000	+7.6123047	+1.4794922
       645	+0.0000000	+7.6220703	+1.4892578
       646	+0.0000000	+7.6171875	+1.4941406
       647	-0.0048828	+7.6220703	+1.4892578
       648	-0.0048828	+7.6269531	+1.4892578
       649	-0.0048828	+7.6611328	+1.4892578
       650	-0.0048828	+7.6611328	+1.4990234
       651	-0.0048828	+7.6757813	+1.4941406
       652	+0.0000000	+7.6562500	+1.4941406
       653	+0.0000000	+7.6562500	+1.4941406
       654	+0.0000000	+7.6464844	+1.4941406
       655	+0.0000000	+7.6513672	+1.4892578
       656	-0.0048828	+7.6367188	+1.4941406
       657	-0.0048828	+7.6220703	+1.4843750
       658	+0.0000000	+7.5927734	+1.4794922
       659	+0.0000000	+7.5732422	+1.4746094
       660	-0.0048828	+7.5537109	+1.4648438
       661	-0.0048828	+7.5390625	+1.4501953
       662	-0.0048828	+7.5390625	+1.4501953
       663	-0.0048828	+7.5292969	+1.4404297
       664	-0.0048828	+7.5244141	+1.4306641
       665	-0.0048828	+7.5048828	+1.4306641
       666	+0.0000000	+7.5000000	+1.4306641
       667	+0.0000000	+7.4609375	+1.4453125
       668	+0.0000000	+7.4267578	+1.4501953
       669	+0.0000000	+7.4072266	+1.4697266
       670	-0.0048828	+7.4267578	+1.4794922
       671	-0.0048828	+7.4414063	+1.4843750
       672	-0.0097656	+7.4414063	+1.4941406
       673	-0.0048828	+7.4316406	+1.4990234
       674	+0.0000000	+7.4365234	+1.5039063
       675	+0.0000000	+7.4267578	+1.5087891
       676	-0.0048828	+7.4169922	+1.5185547
       677	-0.0048828	+7.4072266	+1.5136719
       678	-0.0097656	+7.3974609	+1.5283203
       679	-0.0048828	+7.3876953	+1.5283203
       680	-0.0048828	+7.3828125	+1.5332031
       681	-0.0048828	+7.3730469	+1.5332031
       682	-0.0048828	+7.3632813	+1.5380859
       683	+0.0000000	+7.3876953	+1.5429688
       684	-0.0048828	+7.3828125	+1.5429688
       685	-0.0048828	+7.3632813	+1.5478516
       686	+0.0000000	+7.3339844	+1.5478516
       687	-0.0048828	+7.3291016	+1.5478516
       688	-0.0048828	+7.3242188	+1.5429688
       689	-0.0048828	+7.3339844	+1.5576172
       690	-0.0048828	+7.3144531	+1.5673828
       691	-0.0048828	+7.2900391	+1.5625000
       692	+0.0000000	+7.2460938	+1.5673828
       693	+0.0000000	+7.2460938	+1.5625000
       694	+0.0000000	+7.2705078	+1.5673828
       695	-0.0048828	+7.2900391	+1.5722656
       696	-0.0048828	+7.2802734	+1.5771484
       697	-0.0048828	+7.2802734	+1.5771484
       698	-0.0048828	+7.2705078	+1.5869141
       699	-0.0048828	+7.2656250	+1.5869141
       700	+0.0000000	+7.2656250	+1.5869141
       701	+0.0000000	+7.2607422	+1.5771484
       702	-0.0048828	+7.2558594	+1.5820313
       703	-0.0048828	+7.2460938	+1.5869141
       704	-0.0097656	+7.2460938	+1.5966797
       705	-0.0048828	+7.2412109	+1.5966797
       706	-0.0048828	+7.2412109	+1.5966797
       707	+0.0000000	+7.2363281	+1.5966797
       708	+0.0000000	+7.2363281	+1.5917969
       709	+0.0000000	+7.2412109	+1.5917969
       710	+0.0000000	+7.2558594	+1.6015625
       711	-0.0048828	+7.2656250	+1.6015625
       712	-0.0048828	+7.2705078	+1.6015625
       713	-0.0048828	+7.2705078	+1.5966797
       714	-0.0097656	+7.2802734	+1.5966797
       715	+0.0000000	+7.2851563	+1.5869141
       716	+0.0000000	+7.3046875	+1.5820313
       717	+0.0000000	+7.3046875	+1.5722656
       718	-0.0048828	+7.3193359	+1.5576172
       719	-0.0048828	+7.3242188	+1.5576172
       720	-0.0048828	+7.3339844	+1.5478516
       721	-0.0048828	+7.3437500	+1.5527344
       722	-0.0048828	+7.3486328	+1.5478516
       723	+0.0000000	+7.3632813	+1.5429688
       724	+0.0000000	+7.3583984	+1.5380859
       725	+0.0000000	+7.3437500	+1.5332031
       726	+0.0000000	+7.3193359	+1.5283203
       727	-0.0048828	+7.3095703	+1.5283203
       728	-0.0048828	+7.3193359	+1.5283203
       729	-0.0048828	+7.3388672	+1.5283203
       730	-0.0097656	+7.3632813	+1.5234375
       731	+0.0000000	+7.3779297	+1.5234375
       732	-0.0048828	+7.3779297	+1.5234375
       733	-0.0048828	+7.3876953	+1.5234375
       734	-0.0048828	+7.3925781	+1.5234375
       735	-0.0048828	+7.4072266	+1.5283203
       736	-0.0048828	+7.4023438	+1.5234375
       737	-0.0048828	+7.3876953	+1.5283203
       738	-0.0048828	+7.3974609	+1.5283203
       739	+0.0000000	+7.4121094	+1.5234375
       740	+0.0000000	+7.4316406	+1.5283203
       741	-0.0097656	+7.4462891	+1.5283203
       742	-0.0048828	+7.4462891	+1.5283203
       743	-0.0048828	+7.4414063	+1.5234375
       744	-0.0048828	+7.4511719	+1.5234375
       745	-0.0048828	+7.4707031	+1.5234375
       746	-0.0048828	+7.4853516	+1.5185547
       747	+0.0000000	+7.4755859	+1.5185547
       748	+0.0000000	+7.4707031	+1.5087891
       749	+0.0000000	+7.4707031	+1.5185547
       750	+0.0000000	+7.4707031	+1.5185547
       751	-0.0048828	+7.4755859	+1.5185547
       752	+0.0000000	+7.4755859	+1.5185547
       753	-0.0048828	+7.4609375	+1.5185547
       754	-0.0097656	+7.4658203	+1.5185547
       755	-0.0048828	+7.4755859	+1.5136719
       756	-0.0048828	+7.4853516	+1.5185547
       757	-0.0048828	+7.4755859	+1.5185547
       758	-0.0048828	+7.4707031	+1.5234375
       759	+0.0000000	+7.4658203	+1.5136719
       760	+0.0000000	+7.4609375	+1.5185547
       761	-0.0048828	+7.4707031	+1.5136719
       762	+0.0000000	+7.4658203	+1.5185547
       763	-0.0048828	+7.4609375	+1.5136719
       764	+0.0000000	+7.4609375	+1.5087891
       765	-0.0048828	+7.4609375	+1.5087891
       766	-0.0048828	+7.4560547	+1.5087891
       767	-0.0048828	+7.4658203	+1.5087891
       768	-0.0048828	+7.4609375	+1.5039063
       769	-0.0048828	+7.4511719	+1.5136719
       770	-0.0048828	+7.4462891	+1.5185547
       771	-0.0048828	+7.4462891	+1.5136719
       772	-0.0048828	+7.4462891	+1.5185547
       773	+0.0000000	+7.4462891	+1.5087891
       774	+0.0000000	+7.4316406	+1.5087891
       775	+0.0000000	+7.4365234	+1.5087891
       776	+0.0000000	+7.4414063	+1.5136719
       777	+0.0000000	+7.4365234	+1.5039063
       778	-0.0048828	+7.4218750	+1.5039063
       779	-0.0048828	+7.4072266	+1.5087891
       780	-0.0097656	+7.3974609	+1.5087891
       781	+0.0000000	+7.3925781	+1.5185547
       782	-0.0048828	+7.3925781	+1.5234375
       783	+0.0000000	+7.3925781	+1.5185547
       784	-0.0048828	+7.3876953	+1.5234375
       785	-0.0048828	+7.3828125	+1.5234375
       786	+0.0000000	+7.3681641	+1.5234375
       787	+0.0000000	+7.3535156	+1.5234375
       788	-0.0048828	+7.3486328	+1.5234375
       789	+0.0000000	+7.3437500	+1.5234375
       790	-0.0048828	+7.3535156	+1.5185547
       791	-0.0048828	+7.3583984	+1.5283203
       792	-0.0048828	+7.3535156	+1.5283203
       793	+0.0000000	+7.3486328	+1.5380859
       794	-0.0048828	+7.3486328	+1.5429688
       795	-0.0048828	+7.3486328	+1.5380859
       796	-0.0097656	+7.3437500	+1.5429688
       797	-0.0048828	+7.3388672	+1.5429688
       798	+0.0000000	+7.3291016	+1.5429688
       799	-0.0048828	+7.3339844	+1.5380859
       800	-0.0048828	+7.3388672	+1.5380859
       801	+0.0000000	+7.3388672	+1.5429688
       802	-0.0048828	+7.3339844	+1.5332031
       803	-0.0048828	+7.3291016	+1.5429688
       804	-0.0048828	+7.3339844	+1.5332031
       805	+0.0000000	+7.3339844	+1.5429688
       806	+0.0000000	+7.3388672	+1.5429688
       807	-0.0048828	+7.3437500	+1.5478516
       808	-0.0048828	+7.3437500	+1.5429688
       809	-0.0048828	+7.3486328	+1.5429688
       810	-0.0048828	+7.3535156	+1.5478516
       811	-0.0097656	+7.3583984	+1.5380859
       812	-0.0048828	+7.3486328	+1.5429688
       813	+0.0000000	+7.3535156	+1.5380859
       814	+0.0000000	+7.3486328	+1.5283203
       815	+0.0000000	+7.3486328	+1.5380859
       816	-0.0048828	+7.3486328	+1.5283203
       817	-0.0048828	+7.3535156	+1.5380859
       818	-0.0048828	+7.3486328	+1.5380859
       819	-0.0048828	+7.3535156	+1.5380859
       820	+0.0000000	+7.3583984	+1.5283203
       821	-0.0048828	+7.3632813	+1.5332031
       822	-0.0048828	+7.3632813	+1.5429688
       823	-0.0048828	+7.3632813	+1.5380859
       824	-0.0048828	+7.3681641	+1.5429688
       825	-0.0048828	+7.3730469	+1.5380859
       826	+0.0000000	+7.3730469	+1.5380859
       827	+0.0000000	+7.3779297	+1.5380859
       828	+0.0000000	+7.3828125	+1.5380859
       829	+0.0000000	+7.3876953	+1.5380859
       830	+0.0000000	+7.3828125	+1.5332031
       831	-0.0048828	+7.3828125	+1.5380859
       832	+0.0000000	+7.3828125	+1.5332031
       833	-0.0048828	+7.3828125	+1.5380859
       834	-0.0048828	+7.3876953	+1.5380859
       835	-0.0097656	+7.3974609	+1.5380859
       836	-0.0048828	+7.4023438	+1.5380859
       837	+0.0000000	+7.4072266	+1.5332031
       838	-0.0048828	+7.4218750	+1.5332031
       839	+0.0000000	+7.4218750	+1.5283203
       840	-0.0048828	+7.4316406	+1.5380859
       841	-0.0048828	+7.4414063	+1.5332031
       842	-0.0048828	+7.4511719	+1.5283203
       843	-0.0048828	+7.4511719	+1.5332031
       844	-0.0097656	+7.4609375	+1.5332031
       845	-0.0048828	+7.4560547	+1.5380859
       846	+0.0000000	+7.4560547	+1.5283203
       847	+0.0000000	+7.4462891	+1.5332031
       848	-0.0048828	+7.4462891	+1.5283203
       849	+0.0000000	+7.4462891	+1.5332031
       850	+0.0000000	+7.4414063	+1.5283203
       851	+0.0000000	+7.4365234	+1.5332031
       852	-0.0048828	+7.4365234	+1.5332031
       853	-0.0097656	+7.4365234	+1.5380859
       854	-0.0048828	+7.4365234	+1.5234375
       855	-0.0048828	+7.4414063	+1.5332031
       856	-0.0048828	+7.4316406	+1.5332031
       857	+0.0000000	+7.4121094	+1.5283203
       858	-0.0048828	+7.4072266	+1.5283203
       859	-0.0048828	+7.4023438	+1.5332031
       860	-0.0097656	+7.3974609	+1.5380859
       861	-0.0097656	+7.3925781	+1.5332031
       862	-0.0048828	+7.3828125	+1.5283203
       863	-0.0048828	+7.3681641	+1.5283203
       864	-0.0048828	+7.3632813	+1.5332031
       865	-0.0048828	+7.3583984	+1.5283203
       866	-0.0048828	+7.3583984	+1.5332031
       867	-0.0048828	+7.3535156	+1.5332031
       868	+0.0000000	+7.3535156	+1.5332031
       869	-0.0048828	+7.3535156	+1.5283203
       870	-0.0048828	+7.3583984	+1.5380859
       871	-0.0048828	+7.3632813	+1.5380859
       872	-0.0048828	+7.3632813	+1.5380859
       873	-0.0048828	+7.3583984	+1.5332031
       874	-0.0048828	+7.3632813	+1.5429688
       875	-0.0048828	+7.3632813	+1.5380859
       876	+0.0000000	+7.3681641	+1.5332031
       877	-0.0048828	+7.3583984	+1.5332031
       878	-0.0048828	+7.3632813	+1.5380859
       879	+0.0000000	+7.3632813	+1.5380859
       880	+0.0000000	+7.3730469	+1.5332031
       881	-0.0048828	+7.3730469	+1.5380859
       882	+0.0000000	+7.3730469	+1.5380859
       883	+0.0000000	+7.3730469	+1.5380859
       884	-0.0048828	+7.3730469	+1.5380859
       885	-0.0048828	+7.3779297	+1.5332031
       886	-0.0048828	+7.3779297	+1.5380859
       887	+0.0000000	+7.3779297	+1.5380859
       888	-0.0048828	+7.3828125	+1.5429688
       889	-0.0048828	+7.3828125	+1.5332031
       890	-0.0048828	+7.3828125	+1.5429688
       891	-0.0048828	+7.3876953	+1.5380859
       892	-0.0048828	+7.3876953	+1.5332031
       893	-0.0048828	+7.3828125	+1.5380859
       894	-0.0048828	+7.3828125	+1.5429688
       895	+0.0000000	+7.3876953	+1.5380859
       896	+0.0000000	+7.3876953	+1.5283203
       897	-0.0048828	+7.3876953	+1.5380859
       898	+0.0000000	+7.3876953	+1.5332031
       899	+0.0000000	+7.3925781	+1.5332031
       900	-0.0048828	+7.3974609	+1.5332031
       901	-0.0048828	+7.4023438	+1.5429688
       902	-0.0097656	+7.4072266	+1.5283203
       903	-0.0048828	+7.4023438	+1.5332031
       904	-0.0048828	+7.4023438	+1.5380859
       905	-0.0048828	+7.4121094	+1.5332031
       906	-0.0048828	+7.4121094	+1.5380859
       907	-0.0048828	+7.4072266	+1.5332031
       908	-0.0048828	+7.4072266	+1.5380859
       909	+0.0000000	+7.4072266	+1.5283203
       910	-0.0048828	+7.4072266	+1.5332031
       911	-0.0097656	+7.4072266	+1.5332031
       912	+0.0000000	+7.4023438	+1.5332031
       913	+0.0000000	+7.3925781	+1.5283203
       914	-0.0048828	+7.4023438	+1.5380859
       915	-0.0048828	+7.4023438	+1.5332031
       916	-0.0048828	+7.4023438	+1.5332031
       917	-0.0048828	+7.3974609	+1.5332031
       918	+0.0000000	+7.3974609	+1.5283203
       919	-0.0048828	+7.3925781	+1.5332031
       920	+0.0000000	+7.3876953	+1.5380859
       921	+0.0000000	+7.3925781	+1.5283203
       922	-0.0048828	+7.3876953	+1.5380859
       923	-0.0048828	+7.3876953	+1.5332031
       924	-0.0048828	+7.3876953	+1.5283203
       925	-0.0048828	+7.3876953	+1.5380859
       926	-0.0048828	+7.3925781	+1.5429688
       927	-0.0048828	+7.3876953	+1.5380859
       928	-0.0048828	+7.3828125	+1.5283203
       929	-0.0048828	+7.3828125	+1.5380859
       930	-0.0048828	+7.3876953	+1.5283203
       931	-0.0048828	+7.3828125	+1.5283203
       932	-0.0048828	+7.3779297	+1.5380859
       933	+0.0000000	+7.3779297	+1.5332031
       934	-0.0048828	+7.3828125	+1.5380859
       935	-0.0048828	+7.3779297	+1.5332031
       936	-0.0048828	+7.3828125	+1.5332031
       937	-0.0048828	+7.3828125	+1.5380859
       938	-0.0048828	+7.3828125	+1.5380859
       939	-0.0048828	+7.3828125	+1.5380859
       940	+0.0000000	+7.3876953	+1.5380859
       941	-0.0048828	+7.3876953	+1.5380859
       942	+0.0000000	+7.3876953	+1.5380859
       943	+0.0000000	+7.3876953	+1.5332031
       944	-0.0048828	+7.3828125	+1.5380859
       945	-0.0048828	+7.3876953	+1.5332031
       946	-0.0048828	+7.3876953	+1.5429688
       947	-0.0048828	+7.3876953	+1.5380859
       948	-0.0048828	+7.3925781	+1.5332031
       949	-0.0048828	+7.3974609	+1.5429688
       950	-0.0048828	+7.3925781	+1.5332031
       951	-0.0048828	+7.3876953	+1.5380859
       952	-0.0048828	+7.3876953	+1.5332031
       953	-0.0097656	+7.3876953	+1.5332031
       954	-0.0048828	+7.3876953	+1.5332031
       955	-0.0048828	+7.3876953	+1.5332031
       956	+0.0000000	+7.3828125	+1.5332031
       957	+0.0000000	+7.3876953	+1.5283203
       958	-0.0048828	+7.3876953	+1.5429688
       959	-0.0048828	+7.3876953	+1.5332031
       960	+0.0000000	+7.3876953	+1.5283203
       961	-0.0048828	+7.3925781	+1.5380859
       962	+0.0000000	+7.3925781	+1.5332031
       963	+0.0000000	+7.3876953	+1.5332031
       964	-0.0048828	+7.3828125	+1.5380859
       965	-0.0048828	+7.3876953	+1.5332031
       966	-0.0048828	+7.3925781	+1.5380859
       967	-0.0048828	+7.3925781	+1.5332031
       968	-0.0048828	+7.3876953	+1.5332031
       969	-0.0048828	+7.3876953	+1.5380859
       970	-0.0097656	+7.3925781	+1.5429688
       971	-0.0048828	+7.3925781	+1.5380859
       972	+0.0000000	+7.3876953	+1.5283203
       973	+0.0000000	+7.3876953	+1.5380859
       974	+0.0000000	+7.3876953	+1.5283203
       975	+0.0000000	+7.3876953	+1.5332031
       976	-0.0048828	+7.3876953	+1.5283203
       977	-0.0048828	+7.3925781	+1.5332031
       978	-0.0097656	+7.3925781	+1.5380859
       979	-0.0048828	+7.3876953	+1.5332031
       980	+0.0000000	+7.3876953	+1.5332031
       981	+0.0000000	+7.3876953	+1.5332031
       982	-0.0048828	+7.3876953	+1.5380859
       983	-0.0048828	+7.3925781	+1.5380859
       984	-0.0048828	+7.3925781	+1.5332031
       985	-0.0048828	+7.3925781	+1.5380859
       986	-0.0048828	+7.3925781	+1.5332031
       987	-0.0097656	+7.3925781	+1.5380859
       988	-0.0048828	+7.3925781	+1.5429688
       989	+0.0000000	+7.3876953	+1.5332031
       990	+0.0000000	+7.3828125	+1.5380859
       991	+0.0000000	+7.3828125	+1.5380859
       992	+0.0000000	+7.3828125	+1.5380859
       993	+0.0000000	+7.3876953	+1.5380859
       994	+0.0000000	+7.3828125	+1.5429688
       995	-0.0048828	+7.3828125	+1.5380859
       996	-0.0048828	+7.3876953	+1.5283203
       997	-0.0048828	+7.3876953	+1.5380859
       998	-0.0048828	+7.3925781	+1.5380859
       999	-0.0048828	+7.3876953	+1.5332031
      1000	-0.0048828	+7.3925781	+1.5332031
      1001	-0.0048828	+7.3925781	+1.5380859
      1002	-0.0048828	+7.3925781	+1.5283203
      1003	-0.0048828	+7.3876953	+1.5332031
      1004	-0.0048828	+7.3876953	+1.5380859
      1005	-0.0048828	+7.3876953	+1.5332031
      1006	-0.0048828	+7.3925781	+1.5283203
      1007	-0.0048828	+7.3925781	+1.5283203
      1008	-0.0048828	+7.3974609	+1.5380859
      1009	+0.0000000	+7.3925781	+1.5283203
      1010	-0.0048828	+7.3876953	+1.5332031
      1011	-0.0048828	+7.3925781	+1.5332031
      1012	+0.0000000	+7.3925781	+1.5380859
      1013	-0.0097656	+7.3925781	+1.5380859
      1014	-0.0048828	+7.3876953	+1.5380859
      1015	-0.0048828	+7.3876953	+1.5380859
      1016	+0.0000000	+7.3828125	+1.5332031
      1017	-0.0048828	+7.3925781	+1.5380859
      1018	+0.0000000	+7.3876953	+1.5380859
      1019	+0.0000000	+7.3876953	+1.5380859
      1020	+0.0000000	+7.3828125	+1.5380859
      1021	-0.0048828	+7.3828125	+1.5332031
      1022	-0.0048828	+7.3876953	+1.5332031
      1023	+0.0000000	+7.3925781	+1.5380859
      1024	-0.0048828	+7.3974609	+1.5429688
      1025	-0.0048828	+7.3876953	+1.5332031
      1026	-0.0048828	+7.3925781	+1.5380859
      1027	-0.0048828	+7.3925781	+1.5429688
      1028	-0.0048828	+7.3974609	+1.5429688
      1029	+0.0000000	+7.3925781	+1.5380859
      1030	+0.0000000	+7.3925781	+1.5380859
      1031	-0.0048828	+7.3876953	+1.5380859
      1032	+0.0000000	+7.3828125	+1.5380859
      1033	-0.0048828	+7.3925781	+1.5380859
      1034	-0.0048828	+7.3925781	+1.5429688
      1035	-0.0048828	+7.3876953	+1.5380859
      1036	+0.0000000	+7.3876953	+1.5283203
      1037	+0.0000000	+7.3828125	+1.5380859
      1038	-0.0048828	+7.3828125	+1.5332031
      1039	-0.0048828	+7.3876953	+1.5332031
      1040	-0.0048828	+7.3876953	+1.5332031
      1041	-0.0048828	+7.3974609	+1.5380859
      1042	-0.0048828	+7.3925781	+1.5234375
      1043	-0.0048828	+7.3876953	+1.5332031
      1044	-0.0048828	+7.3828125	+1.5380859
      1045	+0.0000000	+7.3828125	+1.5283203
      1046	-0.0048828	+7.3876953	+1.5283203
      1047	-0.0048828	+7.3876953	+1.5332031
      1048	-0.0048828	+7.3876953	+1.5332031
      1049	+0.0000000	+7.3925781	+1.5332031
      1050	+0.0000000	+7.3876953	+1.5332031
      1051	+0.0000000	+7.3876953	+1.5380859
      1052	+0.0000000	+7.3876953	+1.5332031
      1053	-0.0048828	+7.3925781	+1.5332031
      1054	-0.0048828	+7.3876953	+1.5380859
      1055	-0.0048828	+7.3974609	+1.5380859
      1056	-0.0097656	+7.3925781	+1.5429688
      1057	+0.0000000	+7.3925781	+1.5332031
      1058	-0.0048828	+7.3974609	+1.5429688
      1059	-0.0048828	+7.3925781	+1.5380859
      1060	+0.0000000	+7.3925781	+1.5332031
      1061	-0.0048828	+7.3876953	+1.5380859
      1062	+0.0000000	+7.3876953	+1.5429688
      1063	-0.0048828	+7.3876953	+1.5332031
      1064	-0.0048828	+7.3876953	+1.5234375
      1065	+0.0000000	+7.3828125	+1.5380859
      1066	+0.0000000	+7.3876953	+1.5283203
      1067	-0.0048828	+7.3876953	+1.5283203
      1068	-0.0048828	+7.3876953	+1.5332031
      1069	-0.0048828	+7.3876953	+1.5332031
      1070	-0.0048828	+7.3876953	+1.5332031
      1071	-0.0048828	+7.3876953	+1.5380859
      1072	-0.0048828	+7.3876953	+1.5380859
      1073	+0.0000000	+7.3876953	+1.5380859
      1074	-0.0048828	+7.3925781	+1.5380859
      1075	-0.0048828	+7.3876953	+1.5380859
      1076	+0.0000000	+7.3876953	+1.5332031
      1077	+0.0000000	+7.3925781	+1.5332031
      1078	-0.0048828	+7.3876953	+1.5332031
      1079	-0.0048828	+7.3925781	+1.5380859
      1080	-0.0048828	+7.3925781	+1.5380859
      1081	-0.0097656	+7.3974609	+1.5380859
      1082	+0.0000000	+7.3925781	+1.5380859
      1083	-0.0048828	+7.3925781	+1.5332031
      1084	-0.0048828	+7.3876953	+1.5380859
      1085	-0.0048828	+7.3828125	+1.5332031
      1086	+0.0000000	+7.3828125	+1.5380859
      1087	-0.0048828	+7.3876953	+1.5332031
      1088	-0.0048828	+7.3876953	+1.5380859
      1089	-0.0048828	+7.3876953	+1.5380859
      1090	+0.0000000	+7.3828125	+1.5380859
      1091	+0.0000000	+7.3876953	+1.5332031
      1092	+0.0000000	+7.3925781	+1.5185547
      1093	-0.0048828	+7.3876953	+1.5429688
      1094	-0.0048828	+7.3876953	+1.5380859
      1095	-0.0048828	+7.3876953	+1.5380859
      1096	-0.0048828	+7.3876953	+1.5283203
      1097	-0.0048828	+7.3925781	+1.5380859
      1098	-0.0048828	+7.3925781	+1.5283203
      1099	+0.0000000	+7.3876953	+1.5332031
      1100	-0.0048828	+7.3876953	+1.5332031
      1101	+0.0000000	+7.3876953	+1.5283203
      1102	-0.0048828	+7.3876953	+1.5283203
      1103	-0.0048828	+7.3925781	+1.5332031
      1104	-0.0048828	+7.3925781	+1.5380859
      1105	-0.0048828	+7.3876953	+1.5332031
      1106	-0.0097656	+7.3925781	+1.5380859
      1107	+0.0000000	+7.3925781	+1.5332031
      1108	+0.0000000	+7.3925781	+1.5380859
      1109	-0.0048828	+7.3925781	+1.5380859
      1110	+0.0000000	+7.3925781	+1.5380859
      1111	-0.0048828	+7.3925781	+1.5332031
      1112	+0.0000000	+7.3876953	+1.5380859
      1113	-0.0048828	+7.3876953	+1.5332031
      1114	-0.0048828	+7.3876953	+1.5429688
      1115	-0.0048828	+7.3876953	+1.5380859
      1116	-0.0048828	+7.3925781	+1.5478516
      1117	+0.0000000	+7.3876953	+1.5332031
      1118	+0.0000000	+7.3876953	+1.5380859
      1119	+0.0000000	+7.3876953	+1.5380859
      1120	-0.0048828	+7.3876953	+1.5332031
      1121	+0.0000000	+7.3876953	+1.5380859
      1122	-0.0048828	+7.3876953	+1.5429688
      1123	-0.0048828	+7.3876953	+1.5380859
      1124	-0.0048828	+7.3876953	+1.5283203
      1125	-0.0048828	+7.3925781	+1.5380859
      1126	-0.0048828	+7.3925781	+1.5380859
      1127	-0.0048828	+7.3925781	+1.5380859
      1128	+0.0000000	+7.3925781	+1.5283203
      1129	-0.0048828	+7.3876953	+1.5380859
      1130	-0.0097656	+7.3925781	+1.5283203
      1131	-0.0097656	+7.3925781	+1.5380859
      1132	-0.0048828	+7.3876953	+1.5332031
      1133	+0.0000000	+7.3876953	+1.5332031
      1134	+0.0000000	+7.3876953	+1.5283203
      1135	+0.0000000	+7.3828125	+1.5283203
      1136	-0.0048828	+7.3828125	+1.5332031
      1137	-0.0048828	+7.3876953	+1.5283203
      1138	-0.0048828	+7.3828125	+1.5283203
      1139	-0.0048828	+7.3876953	+1.5332031
      1140	-0.0048828	+7.3876953	+1.5380859
      1141	+0.0000000	+7.3925781	+1.5332031
      1142	-0.0048828	+7.3876953	+1.5332031
      1143	+0.0000000	+7.3876953	+1.5332031
      1144	-0.0048828	+7.3876953	+1.5380859
      1145	-0.0048828	+7.3925781	+1.5332031
      1146	-0.0048828	+7.3925781	+1.5380859
      1147	-0.0048828	+7.3925781	+1.5332031
      1148	+0.0000000	+7.3876953	+1.5380859
      1149	+0.0000000	+7.3876953	+1.5332031
      1150	+0.0000000	+7.3828125	+1.5380859
      1151	-0.0048828	+7.3876953	+1.5332031
      1152	+0.0000000	+7.3925781	+1.5332031
      1153	-0.0048828	+7.3876953	+1.5332031
      1154	-0.0048828	+7.3925781	+1.5380859
      1155	-0.0048828	+7.3925781	+1.5332031
      1156	-0.0048828	+7.3925781	+1.5332031
      1157	-0.0048828	+7.3925781	+1.5380859
      1158	-0.0048828	+7.3925781	+1.5380859
      1159	+0.0000000	+7.3828125	+1.5380859
      1160	+0.0000000	+7.3876953	+1.5332031
      1161	-0.0048828	+7.3876953	+1.5380859
      1162	-0.0048828	+7.3925781	+1.5332031
      1163	+0.0000000	+7.3876953	+1.5380859
      1164	+0.0000000	+7.3876953	+1.5380859
      1165	-0.0097656	+7.3876953	+1.5332031
      1166	+0.0000000	+7.3828125	+1.5380859
      1167	-0.0048828	+7.3925781	+1.5380859
      1168	+0.0000000	+7.3925781	+1.5380859
      1169	-0.0048828	+7.3925781	+1.5380859
      1170	-0.0048828	+7.3925781	+1.5332031
      1171	-0.0048828	+7.3925781	+1.5332031
      1172	-0.0048828	+7.3925781	+1.5429688
      1173	-0.0048828	+7.3876953	+1.5332031
      1174	+0.0000000	+7.3876953	+1.5332031
      1175	+0.0000000	+7.3876953	+1.5332031
      1176	-0.0048828	+7.3828125	+1.5380859
      1177	+0.0000000	+7.3828125	+1.5332031
      1178	+0.0000000	+7.3876953	+1.5332031
      1179	-0.0048828	+7.3876953	+1.5332031
      1180	-0.0048828	+7.3925781	+1.5380859
      1181	-0.0048828	+7.3925781	+1.5332031
      1182	-0.0048828	+7.3925781	+1.5429688
      1183	-0.0048828	+7.3876953	+1.5380859
      1184	+0.0000000	+7.3828125	+1.5332031
      1185	+0.0000000	+7.3828125	+1.5380859
      1186	-0.0048828	+7.3876953	+1.5429688
      1187	-0.0048828	+7.3876953	+1.5380859
      1188	-0.0048828	+7.3876953	+1.5283203
      1189	-0.0048828	+7.3925781	+1.5380859
      1190	-0.0048828	+7.3925781	+1.5380859
      1191	-0.0048828	+7.3925781	+1.5380859
      1192	-0.0048828	+7.3876953	+1.5283203
      1193	+0.0000000	+7.3876953	+1.5380859
      1194	+0.0000000	+7.3828125	+1.5380859
      1195	-0.0048828	+7.3876953	+1.5332031
      1196	-0.0048828	+7.3828125	+1.5283203
      1197	-0.0048828	+7.3925781	+1.5380859
      1198	-0.0048828	+7.3925781	+1.5332031
      1199	-0.0048828	+7.3925781	+1.5332031
      1200	-0.0048828	+7.3925781	+1.5283203
