0.0  -0.1
0.005  -0.1
0.01  -0.09999926843797334
0.015  -0.09999733766026228
0.02  -0.09999327237870616
0.025  -0.09998473437290326
0.03  -0.09996657953881509
0.035  -0.09993226084016213
0.04  -0.09987382830842383
0.045  -0.09978239668691896
0.05  -0.09964861306530859
0.055  -0.09945798044837001
0.06  -0.09919366360132409
0.065  -0.09884116551937075
0.07  -0.09838505390954926
0.075  -0.09780942883481851
0.08  -0.09710306680851821
0.085  -0.09626035608252952
0.09  -0.09527054081427247
0.095  -0.09412941219744661
0.1  -0.09282574674539165
0.105  -0.09135159448958703
0.11  -0.08970087604741096
0.115  -0.08787405906294377
0.12  -0.085866934729885
0.125  -0.08368885594899626
0.13  -0.08135057856285749
0.135  -0.07884929669740927
0.14  -0.0761938956189102
0.145  -0.07339559881402058
0.15  -0.07046142095352291
0.155  -0.0673993120155151
0.16  -0.06421161022039887
0.165  -0.06091000669891485
0.17  -0.05750198377550325
0.17500000000000002  -0.053994088486443596
0.18  -0.05040362371059537
0.185  -0.04672310712351837
0.19  -0.04297638863077422
0.195  -0.039160194714223176
0.2  -0.03529182825272471
0.20500000000000002  -0.031379706858879725
0.21  -0.027433651087107484
0.215  -0.02346067561776786
0.22  -0.019472939225681843
0.225  -0.015468571324950688
0.23  -0.011457392469993681
0.23500000000000001  -0.0074506261474711274
0.24  -0.0034562223259035716
0.245  0.000517401382108101
0.25  0.004464165584364709
0.255  0.008377055600506389
0.26  0.012247653817932257
0.265  0.016072686718502552
0.27  0.019839060239235602
0.275  0.02354069498793223
0.28  0.027172446870131307
0.28500000000000003  0.030731977655853757
0.29  0.034209934434760635
0.295  0.03760023782423014
0.3  0.0408958731439024
0.305  0.044090761001578244
0.31  0.04718817491539743
0.315  0.05017595611053897
0.32  0.053052701654761836
0.325  0.05581607331808695
0.33  0.058463732870535245
0.335  0.06099100386172593
0.34  0.06339274219719787
0.34500000000000003  0.06567175374143312
0.35000000000000003  0.067827103206271
0.355  0.0698601935335299
0.36  0.07176354239876963
0.365  0.0735348115720111
0.37  0.07517961279179577
0.375  0.07668999608960311
0.38  0.07806923498357288
0.385  0.07931358831148497
0.39  0.08042071785293767
0.395  0.08139249418425236
0.4  0.08222704672910766
0.405  0.08292344018976552
0.41000000000000003  0.08347980398990458
0.41500000000000004  0.08389613812952484
0.42  0.08417197496454597
0.425  0.0843105880131077
0.43  0.08431010668931131
0.435  0.08416912806091578
0.44  0.08388765212792111
0.445  0.08346661417848798
0.45  0.08290882008667581
0.455  0.08221707571696664
0.46  0.08139231636709852
0.465  0.08043734790155352
0.47000000000000003  0.07935310561806967
0.47500000000000003  0.07814099244888802
0.48  0.07680241132624957
0.485  0.07534016812421375
0.49  0.07375332755461987
0.495  0.07204656606784872
0.5  0.0702287689301589
0.505  0.06829993614155042
0.51  0.0662628735665053
0.515  0.06411477534054152
0.52  0.0618607855581202
0.525  0.05950511302554177
0.53  0.057051031260946
0.535  0.05449339616987177
0.54  0.05184202829716098
0.545  0.04910861877355428
0.55  0.046290829378649964
0.555  0.04339520713915018
0.56  0.040432040253554555
0.5650000000000001  0.037399925789622056
0.5700000000000001  0.03429465494105225
0.5750000000000001  0.031129321770826803
0.58  0.02789878218448459
0.585  0.024615662600926944
0.59  0.02128651005643338
0.595  0.01792675684396465
0.6  0.014538741193499833
0.605  0.01112199546095859
0.61  0.007695225457441427
0.615  0.004254690020728243
0.62  0.0008139508578810491
0.625  -0.0026227832247997128
0.63  -0.0060489651910345206
0.635  -0.009450565680103648
0.64  -0.012824311173867335
0.645  -0.01615009292898405
0.65  -0.019434457981733315
0.655  -0.022655894646955197
0.66  -0.025823288181330926
0.665  -0.02891933571557839
0.67  -0.031940763731557825
0.675  -0.034874478156710194
0.68  -0.037718608414714125
0.685  -0.04046426923931102
0.6900000000000001  -0.043108654766018835
0.6950000000000001  -0.045640541508177264
0.7000000000000001  -0.04805478536174781
0.705  -0.05035512748895057
0.71  -0.052522862078685034
0.715  -0.054562665590909366
0.72  -0.05646050866490384
0.725  -0.058220600106968896
0.73  -0.059830313498203204
0.735  -0.061286842964547346
0.74  -0.06258410911380215
0.745  -0.06372398253186633
0.75  -0.06470225441243946
0.755  -0.06551611888146212
0.76  -0.06616791415933602
0.765  -0.06664969027754061
0.77  -0.06697033250233449
0.775  -0.0671167467611586
0.78  -0.06710155948249166
0.785  -0.06692383536859563
0.79  -0.06660228023057099
0.795  -0.06613034704171561
0.8  -0.06551458282873163
0.805  -0.06475545523569938
0.81  -0.0638595112988984
0.8150000000000001  -0.06283095982462913
0.8200000000000001  -0.06167167139879031
0.8250000000000001  -0.06039053127806315
0.8300000000000001  -0.05898613653020665
0.835  -0.05746690476782168
0.84  -0.05583470657680698
0.845  -0.05409889485792412
0.85  -0.05226180784115218
0.855  -0.050327654332791606
0.86  -0.04830344901320226
0.865  -0.046187321296485395
0.87  -0.04399002702522098
0.875  -0.04171437207346844
0.88  -0.03936783876566797
0.885  -0.036953232975879
0.89  -0.03448084289302377
0.895  -0.031948330296700585
0.9  -0.02937346570027189
0.905  -0.026751572653356905
0.91  -0.024098551092996717
0.915  -0.021408789280649862
0.92  -0.01869538127929801
0.925  -0.015959262386679215
0.93  -0.013206511985415285
0.935  -0.010450691792145604
0.9400000000000001  -0.00768759300056973
0.9450000000000001  -0.004933583191809093
0.9500000000000001  -0.0021779065232837283
0.9550000000000001  0.0005583929639267756
0.96  0.0032790564320425205
0.965  0.005964442781802315
0.97  0.008626243143946806
0.975  0.011242945833316064
0.98  0.013833256661010599
0.985  0.016369584559248675
0.99  0.018866894176910697
0.995  0.0213069473469765
1.0  0.02369208229942516
1.0050000000000001  0.026016687286137843
1.01  0.02827795643305512
1.0150000000000001  0.030470278001635532
1.02  0.03259224905006068
1.025  0.03463872548386944
1.03  0.03660409556452034
1.035  0.038492568098313834
1.04  0.04029245195450927
1.045  0.042010294159808795
1.05  0.0436362741693705
1.055  0.045178809595795275
1.06  0.04662574166426212
1.065  0.0479850203432916
1.07  0.04924308391624431
1.075  0.050410688225700225
1.08  0.05147427155501996
1.085  0.052442251526381774
1.09  0.05330480758536638
1.095  0.05406988970049433
1.1  0.05472908025916474
1.105  0.05528986158581781
1.11  0.05574428371193298
1.115  0.056100296606030824
1.12  0.056349015011430095
1.125  0.05649698595483295
1.1300000000000001  0.056538597697697916
1.135  0.05647946197856646
1.1400000000000001  0.05631724057703688
1.145  0.0560570775875703
1.1500000000000001  0.055696634780187645
1.155  0.05523965331710901
1.16  0.05468473026609338
1.165  0.05403233327122108
1.17  0.05328620349471223
1.175  0.052449614454706577
1.18  0.051521163218963106
1.185  0.050503655651963866
1.19  0.04939849469552725
1.195  0.04820801857005496
1.2  0.04693456550552608
1.205  0.045581409020080364
1.21  0.0441508873436969
1.215  0.04264720928267612
1.22  0.04106990719293769
1.225  0.039422254583044
1.23  0.037711266133354904
1.235  0.0359346036234687
1.24  0.034102087598227304
1.245  0.032212782769470025
1.25  0.030271833231657993
1.2550000000000001  0.028278771340710863
1.26  0.026244352939208605
1.2650000000000001  0.024169980968969614
1.27  0.02206126716853535
1.2750000000000001  0.019919614470146844
1.28  0.017745958171542148
1.285  0.015544039434941363
1.29  0.013324614102924457
1.295  0.01108534394551235
1.3  0.008835114219386268
1.305  0.006580004316745391
1.31  0.00432048188167006
1.315  0.0020644968826808207
1.32  -0.00018140364394280545
1.325  -0.0024134785359807166
1.33  -0.00463032486119189
1.335  -0.006824460295136123
1.34  -0.008989337801533891
1.345  -0.011117942700025333
1.35  -0.013209807346530109
1.355  -0.015259319992929376
1.36  -0.017264610062901774
1.365  -0.019213051137545973
1.37  -0.021106981437263677
1.375  -0.0229342421872339
1.3800000000000001  -0.02469763926151606
1.385  -0.026386884461610534
1.3900000000000001  -0.028002913075678003
1.395  -0.02954058100925734
1.4000000000000001  -0.030996147100128452
1.405  -0.03236353195609215
1.41  -0.033641332644907415
1.415  -0.03483095209881527
1.42  -0.035926310935193904
1.425  -0.036926941500385606
1.43  -0.037823490893628804
1.435  -0.038619232633063265
1.44  -0.03931042555646888
1.445  -0.039898004952006336
1.45  -0.04037729436929485
1.455  -0.040752034970554525
1.46  -0.04101614736358618
1.465  -0.041171502134288544
1.47  -0.041214825764521866
1.475  -0.041157809385026785
1.48  -0.04100700003208283
1.485  -0.0407647359260917
1.49  -0.040426808260752956
1.495  -0.04000116700458714
1.5  -0.03949061803165368
1.5050000000000001  -0.0388970319278513
1.51  -0.03822789101762022
1.5150000000000001  -0.03747618062060056
1.52  -0.03664938306123254
1.5250000000000001  -0.035747030695435805
1.53  -0.03478081465395101
1.5350000000000001  -0.03374886435087942
1.54  -0.03266053269655997
1.545  -0.03151020794287382
1.55  -0.030304904770180833
1.555  -0.02904509082256135
1.56  -0.027736845492214557
1.565  -0.026383442297280207
1.57  -0.024983010651859566
1.575  -0.023544435822211236
1.58  -0.022064444290195457
1.585  -0.020553324244734474
1.59  -0.019005931591367164
1.595  -0.017436763334893596
1.6  -0.015841610669013326
1.605  -0.01422982649448792
1.61  -0.01260187845539772
1.615  -0.010958701849480782
1.62  -0.009306843703439253
1.625  -0.007643030508710748
1.6300000000000001  -0.005981759260517958
1.635  -0.004316950576239076
1.6400000000000001  -0.0026621661629361135
1.645  -0.001011794282067604
1.6500000000000001  0.0006220062915454647
1.655  0.0022429767201231944
1.6600000000000001  0.0038412964492463026
1.665  0.005416965478914789
1.67  0.006966710290988892
1.675  0.008490063241388271
1.68  0.009983283167892825
1.685  0.01143982303422303
1.69  0.012858279908137865
1.695  0.01424099201961641
1.7  0.015580944688298801
1.705  0.016877202626024355
1.71  0.018126492314653315
1.715  0.01933068433050704
1.72  0.020479958128743623
1.725  0.021580393091984874
1.73  0.022621701021731166
1.735  0.023605752503881236
1.74  0.024529274020295325
1.745  0.02539460380095251
1.75  0.026200806548114738
1.7550000000000001  0.026946946973621325
1.76  0.027633492721552612
1.7650000000000001  0.028255299697447476
1.77  0.028815173775365334
1.7750000000000001  0.029307035563107008
1.78  0.029733690934731917
1.7850000000000001  0.030092334016180642
1.79  0.03038530303743226
1.795  0.03060885683626667
1.8  0.030763930700844554
1.805  0.030848654045267175
1.81  0.03086583274359395
1.815  0.030818740313964643
1.82  0.03070971498635833
1.825  0.030535950886715596
1.83  0.030300721533176197
1.835  0.03000542985798116
1.84  0.029651946447029218
1.845  0.029240738944400716
1.85  0.028772274994175992
1.855  0.02824655459635505
1.86  0.027664980683178908
1.865  0.027029423840546307
1.87  0.026343625230677348
1.875  0.025610390727631452
1.8800000000000001  0.024829252677750904
1.885  0.02400488754099386
1.8900000000000001  0.023135892375541926
1.895  0.02222647598769554
1.9000000000000001  0.021282717769653885
1.905  0.02030321478917594
1.9100000000000001  0.019288434690342044
1.915  0.018241183347211618
1.92  0.017163798980186367
1.925  0.01605908746332571
1.93  0.014931725247010433
1.935  0.013780777043079851
1.94  0.01260764578377499
1.945  0.011412331469095847
1.95  0.010200445847161262
1.955  0.0089790035983311
1.96  0.007747537078525019
1.965  0.006509787449963122
1.97  0.00526435177082701
1.975  0.004016841789235524
1.98  0.0027681927933493463
1.985  0.0015240165217099413
1.99  0.00028711884837672916
1.995  -0.0009401619966712105
2.0  -0.002155955437112515
2.005  -0.0033583908870484444
2.0100000000000002  -0.00454466247241958
2.015  -0.005713834905065239
2.02  -0.006857958216464877
2.025  -0.007978435338859518
2.0300000000000002  -0.009065913371487593
2.035  -0.010124601120649545
2.04  -0.011143742743765409
2.045  -0.01213082056527539
2.05  -0.013078819904819624
2.055  -0.013988208406478454
2.06  -0.014853841975790752
2.065  -0.01567572061275652
2.07  -0.016454311961456098
2.075  -0.017185407215589046
2.08  -0.01787181224921478
2.085  -0.018504641796074705
2.09  -0.019088572316126973
2.095  -0.019614250899032647
2.1  -0.020084951062931483
2.105  -0.02049646400152304
2.11  -0.02085159558886674
2.115  -0.02114192820278432
2.12  -0.021371670659153602
2.125  -0.021539420016156184
2.13  -0.021647046859690804
2.1350000000000002  -0.021693148247939067
2.14  -0.021686141803079234
2.145  -0.021633042195893792
2.15  -0.02153572001228148
2.1550000000000002  -0.02139323996408161
2.16  -0.021206069695374533
2.165  -0.020972806264341844
2.17  -0.02069391732464126
2.1750000000000003  -0.020375014614814252
2.18  -0.020016565778941155
2.185  -0.01962090904700105
2.19  -0.01918944735123496
2.195  -0.018728260083842065
2.2  -0.018236879600742027
2.205  -0.017718579420074602
2.21  -0.017170553667780374
2.215  -0.016594672920180704
2.22  -0.01599187247501365
2.225  -0.01536823171490102
2.23  -0.014717671257221005
2.235  -0.014044399908274049
2.24  -0.013348885312140492
2.245  -0.012635803919201119
2.25  -0.011907493959435007
2.255  -0.01116582600916352
2.2600000000000002  -0.010414073586526422
2.265  -0.009655510209663471
2.27  -0.008886394716354567
2.275  -0.008110000624739468
2.2800000000000002  -0.0073286661552198805
2.285  -0.0065451971818552244
2.29  -0.005762867222785261
2.295  -0.004979805701688627
2.3000000000000003  -0.004201624357106787
2.305  -0.003425517314980321
2.31  -0.0026570963234280693
2.315  -0.0018963613824500322
2.32  -0.0011465860101859708
2.325  -0.00040730256255554393
2.33  0.0003182154518788624
2.335  0.001029500379459532
2.34  0.0017223434138860226
2.345  0.0023986151410570725
2.35  0.0030583155609726818
2.355  0.0037009770295525096
2.36  0.0043233260286567946
2.365  0.004923491972386799
2.37  0.005498668996260477
2.375  0.00604698651437909
2.38  0.00656891217082298
2.3850000000000002  0.007062575389270783
2.39  0.0075251702956630785
2.395  0.007957164534080206
2.4  0.008361831622661929
2.4050000000000002  0.008736365687348827
2.41  0.009079831439980217
2.415  0.00938989065057702
2.42  0.009667946260957636
2.4250000000000003  0.009912127685223322
2.43  0.010123837865192479
2.435  0.010300738570886026
2.44  0.010440959216405227
2.445  0.010542161581348375
2.45  0.01060387802163513
2.455  0.010626108537265493
2.46  0.010611191348641167
2.465  0.010562867617982254
2.47  0.010483943219348176
2.475  0.01037488579681927
2.48  0.010236630638556222
2.485  0.010071048330457768
2.49  0.00987954180476493
2.495  0.00966444929145679
2.5  0.009423900204634607
2.505  0.0091569592561377
2.5100000000000002  0.00886596467594515
2.515  0.008553722338116373
2.52  0.008221167530812055
2.525  0.007868300254032195
2.5300000000000002  0.007495588151857132
2.535  0.007103966512447549
2.54  0.006692967691723106
2.545  0.006262124045603461
2.5500000000000003  0.005813306150409978
2.555  0.005347449303880713
2.56  0.00486922995639645
2.565  0.004380051040198212
2.57  0.0038803801993663395
2.575  0.003371152731638889
2.58  0.002853303925176542
2.585  0.0023282367122203214
2.59  0.001797354034588625
2.595  0.0012615911804421346
2.6  0.0007228187261022133
2.605  0.00017963373932783843
2.61  -0.0003642226176608879
2.615  -0.0009059444708045456
2.62  -0.001444596531942453
2.625  -0.0019783082151758717
2.63  -0.0025047413001030973
2.6350000000000002  -0.003023428142643789
2.64  -0.0035324981568992083
2.645  -0.004030080766547992
2.65  -0.00451337009753072
2.6550000000000002  -0.004986107312067493
2.66  -0.005445954180179234
2.665  -0.005892443057785599
2.67  -0.006325106300806249
2.6750000000000003  -0.006743476265160844
2.68  -0.007146617662688701
2.685  -0.0075317246193304
2.69  -0.007898797135085942
2.695  -0.008248302854035666
2.7  -0.008583047650238993
2.705  -0.008900225649636504
2.71  -0.009197966275906834
2.715  -0.009474866587231586
2.72  -0.00973045893953042
2.725  -0.009963808044642654
2.73  -0.010175381546648626
2.735  -0.010364711801468
2.74  -0.010531331165020431
2.745  -0.010671966119166161
2.75  -0.010786616663905188
2.755  -0.010873879857419114
2.7600000000000002  -0.01093562628560668
2.765  -0.010971855948467883
2.77  -0.010983504134163408
2.775  -0.010970103198612911
2.7800000000000002  -0.010933056074057416
2.785  -0.010873765702315321
2.79  -0.010795037957446045
2.795  -0.010698743415770953
2.8000000000000003  -0.010586752663188781
2.805  -0.010460468631940554
2.81  -0.010319891322026271
2.815  -0.010165956021606614
2.82  -0.009999130374761923
2.825  -0.009821284967390938
2.83  -0.009632887443573998
2.835  -0.009437678965531207
2.84  -0.009238933051402323
2.845  -0.009038520277508712
2.85  -0.00883457006752901
2.855  -0.00862567947964482
2.86  -0.00841184851385614
2.865  -0.008194012467901027
2.87  -0.007971703697699143
2.875  -0.007745857491411167
2.88  -0.007517409137197782
2.8850000000000002  -0.0072872939232196685
2.89  -0.007056447147214884
2.895  -0.006825804097344111
2.9  -0.0065958324176876885
2.9050000000000002  -0.0063674673964063
2.91  -0.006141644321660626
2.915  -0.005916024973048962
2.92  -0.005691076994651651
2.9250000000000003  -0.0054686709627900535
2.93  -0.005251612751523592
2.935  -0.005040370004932605
2.94  -0.004835410367097436
2.945  -0.004635798549857402
2.95  -0.004443405139111241
2.955  -0.004260568355260658
2.96  -0.004091497004606095
2.965  -0.003936191087147553
2.97  -0.003792312382483328
2.975  -0.00365799030471468
2.98  -0.003534160151579667
2.985  -0.0034208219230782884
2.99  -0.0033189109073712263
2.995  -0.0032288947485388216
3.0  -0.0031507734465810737
3.005  -0.003085014645578324
3.0100000000000002  -0.003032085989610913
3.015  -0.0029929227668395227
3.02  -0.002967524977264153
3.025  -0.0029563602745425197
3.0300000000000002  -0.0029594286586746227
3.035  -0.002977197773740803
3.04  -0.003009667619741061
3.045  -0.0030563705525950557
3.0500000000000003  -0.0031159036304843893
3.055  -0.00318733156524838
3.06  -0.003270186712806687
3.065  -0.0033644690731593103
3.0700000000000003  -0.003469243358145568
3.075  -0.003584041914107745
3.08  -0.0037069941647244766
3.085  -0.003838100109995764
3.09  -0.003975956817680584
3.095  -0.004120096634121221
3.1  -0.004269584271156993
3.105  -0.004423484440627218
3.11  -0.0045813294984515555
3.115  -0.004741716502811608
3.12  -0.004905113107365092
3.125  -0.005072922244353029
3.13  -0.005247482143754498
3.1350000000000002  -0.0054297280937301825
3.14  -0.0056187248061194
3.145  -0.005812601695023411
3.15  -0.006009020530463137
3.1550000000000002  -0.006206578380197556
3.16  -0.006405275244226667
3.165  -0.0066041758343897885
3.17  -0.00680281250660658
3.1750000000000003  -0.006999782319058644
3.18  -0.00719555291582632
3.185  -0.007391527238728008
3.19  -0.007586769999603025
3.1950000000000003  -0.007779878256632972
3.2  -0.007968981433496489
3.205  -0.008152676588375174
3.21  -0.008330963721269031
3.215  -0.008504310476258398
3.22  -0.008671781565182595
3.225  -0.008831506411720258
3.23  -0.00898208207405299
3.235  -0.009124443849918847
3.24  -0.00925905938339817
3.245  -0.009385928674490958
3.25  -0.009505051723197213
3.255  -0.009615960885436594
3.2600000000000002  -0.009718656161209099
3.265  -0.009814540482755752
3.27  -0.009903146205996213
3.275  -0.009983538042769798
3.2800000000000002  -0.010054780695338453
3.285  -0.010117809461440232
3.29  -0.010173091985155477
3.295  -0.01022109591056453
3.3000000000000003  -0.01026228888174773
3.305  -0.010295735610544397
3.31  -0.010321903741034871
3.315  -0.010341260917299493
3.3200000000000003  -0.010353807139338263
3.325  -0.01035954240715118
3.33  -0.010358934364818585
3.335  -0.010351047724179798
3.34  -0.010336350129315159
3.345  -0.010315776868385348
3.35  -0.01028979558547071
3.355  -0.01025840628057124
3.36  -0.01022160895368694
3.365  -0.01017940360481781
3.37  -0.01013319317578225
3.375  -0.010082510022499916
3.38  -0.010026886491313093
3.3850000000000002  -0.009966790235879498
3.39  -0.009903624188440152
3.395  -0.009838791281236079
3.4  -0.009773226812005334
3.4050000000000002  -0.00970739842482826
3.41  -0.009641306119704856
3.415  -0.009574949896635121
3.42  -0.009508797399699398
3.4250000000000003  -0.009443316272978026
3.43  -0.009379909448712028
3.435  -0.009319979868719802
3.44  -0.009263995177081688
3.4450000000000003  -0.009212423017878028
3.45  -0.009164328102948139
3.455  -0.009119242788211681
3.46  -0.009077634717748995
3.465  -0.009039971535640422
3.47  -0.009006253241885961
3.475  -0.008976479836485612
3.48  -0.008951118963519718
3.485  -0.008930638267068618
3.49  -0.008915973035292993
3.495  -0.008906655624112504
3.5  -0.008902218389446808
3.505  -0.008902661331295907
3.5100000000000002  -0.00890845209374014
3.515  -0.008920058320859849
3.52  -0.008937012368574693
3.525  -0.008959314236884673
3.5300000000000002  -0.008986496281709446
3.535  -0.009018090858968673
3.54  -0.009054097968662354
3.545  -0.009094049966710148
3.5500000000000003  -0.009137479209031713
3.555  -0.009183918051546709
3.56  -0.009234301782415818
3.565  -0.009288162757558699
3.5700000000000003  -0.009345968621055693
3.575  -0.009407719372906798
3.58  -0.009473415013112016
3.585  -0.009542587897591005
3.59  -0.009615705670424107
3.595  -0.009692300687530981
3.6  -0.009771905304831286
3.605  -0.009854051868667306
3.61  -0.009938740379039041
3.615  -0.010025970835946491
3.62  -0.010115275595309316
3.625  -0.010206187013047173
3.63  -0.010298705089160063
3.6350000000000002  -0.010392362179567646
3.64  -0.01048669064018958
3.645  -0.010581222826945525
3.65  -0.010676426383915822
3.6550000000000002  -0.01077230131110047
3.66  -0.010868847608499469
3.665  -0.01096606527611282
3.67  -0.011063486669860182
3.6750000000000003  -0.011160176501580873
3.68  -0.011255667117617177
3.685  -0.011349490873888753
3.69  -0.01144024483815458
3.6950000000000003  -0.011527929010414655
3.7  -0.011611608102508298
3.705  -0.011690346816697452
3.71  -0.011763209864821435
3.715  -0.011830197246880248
3.72  -0.011890373674713208
3.725  -0.011944206792400658
3.73  -0.011991696599942597
3.735  -0.012033778385499705
3.74  -0.012070452149071985
3.745  -0.012101717890659433
3.75  -0.012128043254342392
3.755  -0.01214989589377858
3.7600000000000002  -0.012167275808967995
3.765  -0.012180182999910636
3.77  -0.012188617466606506
3.775  -0.012192111555397886
3.7800000000000002  -0.012191600564022834
3.785  -0.012188955068802713
3.79  -0.012184642713817865
3.795  -0.01217913114314863
3.8000000000000003  -0.012172888010452724
3.805  -0.012166380959810487
3.81  -0.012160545279382602
3.815  -0.012156783901410092
3.8200000000000003  -0.012155564469973295
3.825  -0.01215735463872993
3.83  -0.012162154407679997
3.835  -0.012170431420903835
3.84  -0.012182185678401444
3.845  -0.012197417180172827
3.85  -0.012215658282137639
3.855  -0.012236441330638167
3.86  -0.01225976632567441
3.865  -0.012286100920904083
3.87  -0.012314977462669472
3.875  -0.012346395950970574
3.88  -0.012379888741727052
3.8850000000000002  -0.012416391132676959
3.89  -0.012455435470162582
3.895  -0.012497021754183919
3.9  -0.01254021469658029
3.9050000000000002  -0.012585014297351692
3.91  -0.01263142055649813
3.915  -0.0126794334740196
3.92  -0.012729053049916103
3.9250000000000003  -0.012779811640107299
3.93  -0.012831709244593186
3.935  -0.012884745863373766
3.94  -0.012938453852368697
3.9450000000000003  -0.012992833211577981
3.95  -0.013047883941001617
3.955  -0.013103138396559261
3.96  -0.013158596578250917
3.9650000000000003  -0.013214726130156925
3.97  -0.013271527052277285
3.975  -0.013328531700531655
3.98  -0.013385740074920036
3.985  -0.013443152175442428
3.99  -0.01350076800209883
3.995  -0.013558119910808901
4.0  -0.013614740257492302
4.005  -0.013670161388491316
4.01  -0.013723915659725602
4.015  -0.013776470715275501
4.0200000000000005  -0.013827826555141013
4.025  -0.013877047891161457
4.03  -0.013924134723336833
4.035  -0.013969554695747479
4.04  -0.014013307808393398
4.045  -0.01405539406127459
4.05  -0.014095813454391053
4.055  -0.014134565987742789
4.0600000000000005  -0.014172119305410137
4.065  -0.014209408705131155
4.07  -0.014245498889167787
4.075  -0.014280389857520032
4.08  -0.014314081610187889
4.085  -0.014347041800829076
4.09  -0.014379270429443591
4.095  -0.014411235140111778
4.1  -0.014443403576913974
4.105  -0.01447530809576984
4.11  -0.014507416340759716
4.115  -0.014539728311883604
4.12  -0.014572244009141502
4.125  -0.01460496343253341
4.13  -0.014637418937978989
4.135  -0.014670078169558579
4.14  -0.01470340877135252
4.1450000000000005  -0.014737410743360812
4.15  -0.014771616441503115
4.155  -0.01480649350985977
4.16  -0.014842509592511117
4.165  -0.014879664689457157
4.17  -0.014917491156617549
4.175  -0.014956456638072633
4.18  -0.014996093489742068
4.1850000000000005  -0.015036401711625855
4.19  -0.015077381303723993
4.195  -0.015119032266036484
4.2  -0.015160886954482984
4.205  -0.015202945369063496
4.21  -0.015245207509778019
4.215  -0.015287673376626551
4.22  -0.015330810613689435
4.225  -0.01537415157688633
4.23  -0.015417696266217236
4.235  -0.015461444681682151
4.24  -0.015504929179200738
4.245  -0.015547682114692653
4.25  -0.015590171132238238
4.255  -0.015632863875917835
4.26  -0.01567576034573144
4.265  -0.015718860541679057
4.2700000000000005  -0.015762164463760685
4.275  -0.015805672111976324
4.28  -0.015849851130406316
4.285  -0.015894233874970316
4.29  -0.015938820345668327
4.295  -0.01598361054250035
4.3  -0.016028604465466383
4.305  -0.016073334470486086
4.3100000000000005  -0.01611780055755946
4.315  -0.016162470370766843
4.32  -0.01620781155418858
4.325  -0.016253356463744324
4.33  -0.01629863745535374
4.335  -0.016343654529016826
4.34  -0.01638887532881392
4.345  -0.016434299854745028
4.3500000000000005  -0.016479460462729804
4.355  -0.01652435715276825
4.36  -0.016569457568940706
4.365  -0.016614761711247174
4.37  -0.016660269579687654
4.375  -0.016705981174262145
4.38  -0.016751896494970647
4.385  -0.016797547897732818
4.39  -0.01684293538254866
4.3950000000000005  -0.01688852659349851
4.4  -0.016934321530582372
4.405  -0.016980320193800243
4.41  -0.017026522583152126
4.415  -0.01707246105455768
4.42  -0.0171181356080169
4.425  -0.017163546243529792
4.43  -0.017208692961096353
4.4350000000000005  -0.017253575760716587
4.44  -0.01729819464239049
4.445  -0.017343017250198402
4.45  -0.017388511228220667
4.455  -0.017434676576457284
4.46  -0.01748151329490825
4.465  -0.01752855373949323
4.47  -0.01757626555429256
4.4750000000000005  -0.01762464873930624
4.48  -0.017673235650453933
4.485  -0.017722026287735636
4.49  -0.01777055300707101
4.495  -0.017819283452540392
4.5  -0.017867749980063446
4.505  -0.01791595258964017
4.51  -0.01796389128127056
4.515  -0.018012033699034966
4.5200000000000005  -0.01806037984293338
4.525  -0.018108929712965807
4.53  -0.018157215665051903
4.535  -0.01820523769919167
4.54  -0.018252528171304763
4.545  -0.018299554725471526
4.55  -0.0183467850057723
4.555  -0.018393751368126744
4.5600000000000005  -0.018440453812534858
4.565  -0.01848689233899664
4.57  -0.018533534591592436
4.575  -0.01858038057032224
4.58  -0.0186278979192664
4.585  -0.01867515135026423
4.59  -0.018722608507396068
4.595  -0.01877026939066192
4.6000000000000005  -0.01881860164414212
4.605  -0.018867605267836672
4.61  -0.018916812617665237
4.615  -0.01896575604954747
4.62  -0.019013967919403033
4.625  -0.019062383515392606
4.63  -0.01911053519343585
4.635  -0.01915842295353276
4.64  -0.019205579151603
4.6450000000000005  -0.01925247143172691
4.65  -0.019299099793904494
4.655  -0.019345931882216085
4.66  -0.01939343534074203
4.665  -0.019440674881321642
4.67  -0.019487650503954925
4.675  -0.01953482985272222
4.68  -0.019582212927623525
4.6850000000000005  -0.01963026737273918
4.69  -0.019678993188069187
4.695  -0.019727922729533207
4.7  -0.019777055997131237
4.705  -0.019825457702702595
4.71  -0.019873595490327623
4.715  -0.019921937004086662
4.72  -0.019970949888060054
4.7250000000000005  -0.020020634142247796
4.73  -0.02007052212256955
4.735  -0.020120613829025313
4.74  -0.020170909261615088
4.745  -0.020220940776258533
4.75  -0.02027117601703599
4.755  -0.020321614983947456
4.76  -0.02037225767699293
4.765  -0.020422636452092077
4.7700000000000005  -0.020473218953325233
4.775  -0.02052306989253172
4.78  -0.020572656913791877
4.785  -0.020621980017105704
4.79  -0.02067057155839286
4.795  -0.020718899181733683
4.8  -0.020766962887128176
4.805  -0.02081523031865668
4.8100000000000005  -0.020863701476319198
4.815  -0.020912376360115725
4.82  -0.020961254970046264
4.825  -0.021010804950191152
4.83  -0.021060558656470052
4.835  -0.021110516088882963
4.84  -0.021160677247429885
4.845  -0.021211042132110818
4.8500000000000005  -0.02126161074292576
4.855  -0.02131238307987471
4.86  -0.021363359142957675
4.865  -0.02141453893217465
4.87  -0.021465454803445295
4.875  -0.02151657440084995
4.88  -0.021567897724388618
4.885  -0.021618957129980954
4.89  -0.021670220261707302
4.8950000000000005  -0.02172121947548732
4.9  -0.021771954771321007
4.905  -0.02182195850512802
4.91  -0.021871698320988706
4.915  -0.02192117421890306
4.92  -0.021970853842951426
4.925  -0.022021204837214144
4.93  -0.022072227201691212
4.9350000000000005  -0.02212345329230229
4.94  -0.02217488310904738
4.945  -0.022226516651926483
4.95  -0.022278821565019938
4.955  -0.0223313302042474
4.96  -0.022383574925528536
4.965  -0.02243602337294368
4.97  -0.022488675546492833
4.9750000000000005  -0.022541531446176
4.98  -0.022594591071993176
4.985  -0.022647386779864023
4.99  -0.02269991856978854
4.995  -0.022752654085847066
5.0  -0.022805593328039605
5.005  -0.022858736296366155
5.01  -0.022912082990826713
5.015  -0.02296516576734094
5.0200000000000005  -0.02301798462590884
5.025  -0.02307100721061075
5.03  -0.023123765877366326
5.035  -0.023176260626175577
5.04  -0.023228491457038498
5.045  -0.023280458369955088
5.05  -0.023332161364925347
5.055  -0.023383600441949277
5.0600000000000005  -0.023435243245107217
5.065  -0.02348708977439917
5.07  -0.02353914002982513
5.075  -0.0235913940113851
5.08  -0.02364338407499874
5.085  -0.02369557786474639
5.09  -0.023747975380628054
5.095  -0.02380057662264373
5.1000000000000005  -0.023853381590793414
5.105  -0.02390639028507711
5.11  -0.023959602705494815
5.115  -0.02401301885204653
5.12  -0.024066638724732258
5.125  -0.024119994679471655
5.13  -0.02417308671626472
5.135  -0.024225914835111457
5.14  -0.024278479036011862
5.1450000000000005  -0.02433124696304628
5.15  -0.024383750972134365
5.155  -0.02443599106327612
5.16  -0.024488434880551888
5.165  -0.024541082423961667
5.17  -0.024593933693505456
5.175  -0.0246474563332636
5.18  -0.02470165034323609
5.1850000000000005  -0.024756048079342594
5.19  -0.02481111718566345
5.195  -0.024866390018118315
5.2  -0.02492186657670719
5.205  -0.024977079217349735
5.21  -0.02503249558412629
5.215  -0.025088115677036858
5.22  -0.025143939496081437
5.2250000000000005  -0.025199499397179685
5.23  -0.025254795380331603
5.235  -0.02530982744553719
5.24  -0.02536506323687679
5.245  -0.0254205027543504
5.25  -0.02547661364203836
5.255  -0.02553292825586033
5.26  -0.02558897895173597
5.265  -0.02564523337374562
5.2700000000000005  -0.025701223877808942
5.275  -0.025756950463925933
5.28  -0.025812413132096597
5.285  -0.02586761188232093
5.29  -0.025922546714598933
5.295  -0.025978152917091286
5.3  -0.02603396284571765
5.305  -0.026089976500478024
5.3100000000000005  -0.02614572623729207
5.315  -0.026201679700240125
5.32  -0.026257836889322192
5.325  -0.02631419780453827
5.33  -0.026371230089968698
5.335  -0.026427998457452796
5.34  -0.026484502906990563
5.345  -0.026540743438582
5.3500000000000005  -0.02659672005222711
5.355  -0.026652432747925888
5.36  -0.026707881525678337
5.365  -0.026763534029564797
5.37  -0.026819390259585265
5.375  -0.026875450215739744
5.38  -0.026932181542108576
5.385  -0.026989584238691758
5.39  -0.02704719066140895
5.3950000000000005  -0.027105000810260155
5.4  -0.02716254704116503
5.405  -0.02721982935412357
5.41  -0.027276847749135785
5.415  -0.02733406987028201
5.42  -0.027391963361642586
5.425  -0.027450528223217512
5.43  -0.02750929681092645
5.4350000000000005  -0.0275682691247694
5.44  -0.02762744516474636
5.445  -0.02768635728677699
5.45  -0.02774500549086129
5.455  -0.027803389776999258
5.46  -0.027861977789271238
5.465  -0.02792076952767723
5.47  -0.027980232636297574
5.4750000000000005  -0.028039899471051927
5.48  -0.028100237676020632
5.485  -0.028160311963043007
5.49  -0.02822012233211905
